6.074422
7.652379
9.596912
11.49686
12.56923
12.10058
10.21141
7.813547
5.767725
4.430929
3.795821
3.744381
4.189512
5.114358
6.550929
8.497244
10.73471
12.58996
13.04259
11.60667
9.001576
6.410908
4.521311
3.441792
3.03231
3.142915
3.702863
4.729984
6.300839
8.462907
11.01749
13.18615
13.68458
11.90166
8.804789
5.851007
3.76881
2.586595
2.082282
2.05181
2.39037
3.095625
4.253457
6.013045
8.501547
11.55117
14.1848
14.63364
12.14655
8.238086
4.783469
2.475954
1.167054
0.4982729
0.1773917
0.02394918
-0.05975243
-0.1245884
-0.2002261
-0.3111412
-0.4877519
-0.7772495
-1.258283
-2.063667
-3.41357
-5.646002
-9.150478
-13.83853
-17.67853
-16.77729
-11.06798
-4.834119
-0.4718994
2.109623
3.660216
4.807651
5.945074
7.272118
8.808464
10.34641
11.42578
11.5295
10.51928
8.830666
7.11891
5.831364
5.119454
4.96702
5.318725
6.136541
7.388543
8.976213
10.61119
11.74207
11.77107
10.57096
8.678536
6.830549
5.483486
4.760246
4.617402
4.987276
5.834844
7.144639
8.843356
10.65658
11.99101
12.13345
10.86892
8.783536
6.72886
5.22528
4.397345
4.179564
4.485454
5.27591
6.554277
8.299097
10.31614
12.04905
12.64077
11.59028
9.373749
6.999286
5.17001
4.081752
3.659358
3.782609
4.386881
5.478283
7.094762
9.195144
11.43877
12.98327
12.83259
10.86913
8.113548
5.675351
4.033341
3.175339
2.934638
3.17808
3.862179
5.028772
6.764797
9.089263
11.68898
13.59474
13.50885
11.20245
7.964429
5.158902
3.298258
2.297549
1.91389
1.95889
2.349405
3.101774
4.317487
6.158434
8.752742
11.89023
14.4739
14.65227
11.85339
7.813515
4.384542
2.146629
0.8874279
0.2300879
-0.1201155
-0.3472793
-0.5614584
-0.8397068
-1.258672
-1.92217
-2.989443
-4.701826
-7.368468
-11.14308
-15.22207
-16.92528
-14.01285
-8.498592
-3.62341
-0.4386794
1.429111
2.60593
3.578479
4.671801
6.100091
7.97113
10.17971
12.1964
13.05445
12.05927
9.654091
7.00303
4.940415
3.688266
3.143126
3.149161
3.616601
4.544445
5.998076
8.036257
10.5256
12.82011
13.69871
12.33294
9.409583
6.388689
4.152837
2.831997
2.231723
2.141003
2.439958
3.112332
4.232269
5.938941
8.355639
11.33577
13.97553
14.57682
12.30068
8.506328
5.057726
2.716045
1.379496
0.7065367
0.4096049
0.3125905
0.3278932
0.4247692
0.6094646
0.9190146
1.427038
2.260935
3.629092
5.840886
9.224815
13.6187
17.11286
16.29558
11.10743
5.308405
1.160564
-1.322894
-2.811628
-3.904647
-5.001919
-6.343769
-8.030336
-9.953169
-11.66201
-12.40119
-11.63992
-9.685694
-7.434246
-5.609904
-4.475552
-4.002246
-4.086949
-4.663814
-5.726842
-7.292337
-9.289729
-11.36183
-12.71782
-12.49608
-10.64934
-8.103662
-5.8496
-4.330775
-3.55542
-3.387495
-3.717119
-4.513311
-5.814355
-7.668292
-9.981745
-12.24662
-13.40838
-12.55077
-10.01553
-7.102784
-4.799432
-3.372051
-2.695122
-2.576009
-2.893541
-3.626041
-4.839101
-6.646966
-9.098676
-11.88732
-13.95687
-13.83757
-11.28198
-7.770736
-4.79279
-2.845606
-1.788289
-1.333418
-1.261885
-1.463375
-1.922264
-2.702601
-3.944494
-5.856397
-8.635595
-12.13538
-15.14633
-15.38583
-12.09893
-7.464346
-3.656582
-1.222645
0.1741532
1.005287
1.632144
2.302764
3.209416
4.540127
6.49186
9.179794
12.30531
14.63142
14.36297
11.28747
7.29094
4.049435
1.986128
0.8450445
0.2601791
-0.04145114
-0.2253654
-0.3868752
-0.5887462
-0.8894706
-1.366067
-2.137838
-3.395037
-5.42258
-8.548051
-12.75075
-16.55219
-16.68397
-12.18396
-6.382052
-1.966851
0.7377162
2.333659
3.439109
4.485856
5.746906
7.371126
9.33758
11.30878
12.54062
12.26435
10.48417
8.072228
5.942629
4.511356
3.795933
3.678503
4.063257
4.925132
6.295054
8.187355
10.43134
12.42226
13.13702
11.93575
9.391937
6.715867
4.695059
3.49868
2.998428
3.034034
3.519789
4.46139
5.932504
8.002378
10.54704
12.91188
13.82829
12.42133
9.407196
6.306884
4.023265
2.674924
2.051097
1.928451
2.177946
2.775098
3.786993
5.354387
7.636635
10.61206
13.60034
14.92738
13.22617
9.435445
5.644731
2.943262
1.345833
0.4974344
0.06334005
-0.1785702
-0.358596
-0.5563571
-0.8350826
-1.267992
-1.962752
-3.089262
-4.90621
-7.737819
-11.7007
-15.77991
-17.00602
-13.45641
-7.718396
-2.944029
0.0890875
1.865673
3.023281
4.033942
5.204829
6.72408
8.643761
10.75136
12.40278
12.69862
11.28699
8.86201
6.477813
4.745597
3.773483
3.44864
3.647548
4.316521
5.476253
7.17711
9.377622
11.70116
13.22371
12.90341
10.71951
7.825283
5.351046
3.725368
2.890962
2.659454
2.891098
3.542551
4.660897
6.350247
8.675562
11.41084
13.6494
13.94583
11.76881
8.363376
5.29219
3.206351
2.042202
1.527138
1.434437
1.644541
2.137328
2.977243
4.306446
6.326913
9.19183
12.62048
15.22171
14.86201
11.32606
6.887833
3.400252
1.217861
-0.01709691
-0.7399788
-1.273292
-1.834817
-2.593472
-3.721087
-5.421167
-7.893218
-11.10621
-14.22766
-15.30622
-13.02751
-8.793588
-4.871266
-2.199797
-0.644551
0.2181044
0.7496902
1.193979
1.7181
2.466541
3.60567
5.348586
7.917084
11.29667
14.59156
15.64664
13.07174
8.522441
4.434888
1.704731
0.1165123
-0.8031333
-1.443908
-2.073764
-2.890659
-4.078718
-5.836007
-8.324815
-11.42233
-14.19347
-14.81737
-12.391
-8.399957
-4.821884
-2.416048
-1.039593
-0.3177376
0.06000944
0.2912387
0.4928399
0.7424744
1.111844
1.69389
2.630026
4.138755
6.521832
10.02807
14.23676
16.94051
15.24793
10.01895
4.736188
1.083763
-1.085087
-2.400381
-3.399817
-4.447928
-5.783209
-7.540222
-9.674295
-11.76995
-12.94533
-12.37638
-10.23234
-7.587502
-5.388862
-3.978038
-3.302354
-3.209152
-3.593886
-4.438109
-5.794161
-7.722331
-10.12912
-12.46906
-13.60736
-12.5976
-9.881013
-6.859208
-4.522188
-3.094801
-2.418196
-2.282874
-2.560024
-3.223938
-4.340263
-6.038147
-8.425425
-11.33617
-13.87078
-14.40426
-12.17499
-8.497128
-5.150278
-2.872691
-1.578291
-0.9461082
-0.7054226
-0.6958394
-0.8495143
-1.165629
-1.698438
-2.561557
-3.943679
-6.113097
-9.317491
-13.30922
-16.35221
-15.6304
-11.10656
-5.895282
-2.053849
0.2791115
1.653677
2.609639
3.529971
4.677966
6.24413
8.323817
10.75801
12.85717
13.45663
11.92811
9.064215
6.22262
4.163819
2.977376
2.48026
2.48694
2.902302
3.731198
5.06113
7.016928
9.621529
12.45384
14.27178
13.62768
10.65525
7.063142
4.210809
2.420538
1.474352
1.073295
1.006942
1.172421
1.553786
2.206337
3.255866
4.904251
7.398834
10.82399
14.45551
16.09906
13.84179
9.091089
4.618476
1.5785
-0.2109898
-1.270366
-2.040047
-2.826721
-3.85601
-5.323737
-7.39277
-10.05882
-12.7981
-14.28016
-13.22472
-10.0846
-6.596718
-3.939846
-2.317829
-1.488764
-1.170069
-1.175086
-1.422945
-1.919144
-2.743638
-4.051272
-6.064487
-8.980132
-12.58633
-15.4893
-15.31165
-11.62693
-6.891092
-3.166662
-0.8367586
0.5015155
1.329673
2.005894
2.778882
3.847946
5.406077
7.622461
10.47391
13.3232
14.63491
13.12893
9.593849
5.961698
3.323445
1.753755
0.9428103
0.5826951
0.472977
0.5119659
0.6664659
0.9511529
1.423273
2.19174
3.437879
5.433886
8.488894
12.57585
16.29477
16.54433
12.29973
6.660859
2.29386
-0.4038463
-1.990094
-3.068593
-4.070486
-5.277873
-6.865747
-8.870034
-11.03609
-12.64446
-12.75674
-11.11433
-8.548808
-6.142442
-4.452037
-3.533905
-3.251771
-3.478287
-4.164827
-5.341468
-7.072423
-9.334307
-11.76001
-13.3903
-13.09714
-10.82601
-7.801246
-5.223065
-3.53194
-2.652831
-2.377179
-2.549971
-3.116932
-4.119268
-5.669688
-7.885103
-10.68311
-13.36267
-14.42068
-12.77374
-9.31602
-5.861629
-3.381984
-1.924342
-1.197647
-0.9212629
-0.920754
-1.121984
-1.527903
-2.206802
-3.29603
-5.010408
-7.608122
-11.15609
-14.81894
-16.2284
-13.58382
-8.629993
-4.166743
-1.200874
0.5361485
1.587314
2.393635
3.260635
4.414387
6.043369
8.26606
10.94127
13.30781
13.98162
12.19746
8.937249
5.794994
3.57294
2.295434
1.711103
1.58709
1.793483
2.303228
3.177669
4.556554
6.631818
9.519467
12.85084
15.1589
14.47372
10.87778
6.613876
3.334389
1.304951
0.1715418
-0.4725317
-0.9221523
-1.371318
-1.965422
-2.850966
-4.21287
-6.282479
-9.239494
-12.80717
-15.50628
-15.04737
-11.26486
-6.634821
-3.06145
-0.8453091
0.4214058
1.20226
1.83793
2.564548
3.573549
5.056993
7.201526
10.04659
13.07559
14.79626
13.65883
10.15619
6.313949
3.437341
1.689182
0.7547206
0.2942089
0.07449119
-0.03760994
-0.1123069
-0.1881687
-0.2925786
-0.4551672
-0.7192042
-1.155482
-1.883044
-3.1
-5.116861
-8.325425
-12.81551
-17.09555
-17.39563
-12.4225
-6.042109
-1.280051
1.597592
3.294933
4.481806
5.598017
6.884274
8.407409
10.01991
11.30524
11.70016
10.91861
9.283086
7.471062
6.01897
5.142855
4.847571
5.074471
5.779053
6.936231
8.482849
10.19924
11.59144
11.99863
11.08963
9.253624
7.268629
5.712631
4.788527
4.474324
4.693744
5.399602
6.58023
8.202581
10.08357
11.72794
12.37236
11.52788
9.548159
7.325894
5.552692
4.467668
4.035161
4.154682
4.764953
5.86217
7.458063
9.464328
11.49117
12.72774
12.36047
10.43641
7.910946
5.728615
4.285863
3.573053
3.455777
3.832154
4.67854
6.035378
7.939967
10.26185
12.42885
13.3643
12.27406
9.658638
6.816716
4.637299
3.321837
2.730237
2.679329
3.062947
3.872967
5.183435
7.102453
9.632529
12.34653
14.0594
13.43294
10.60426
7.166939
4.414802
2.680532
1.776646
1.42917
1.446865
1.746323
2.337232
3.310284
4.831522
7.110119
10.22881
13.6339
15.53632
14.05297
9.930653
5.643291
2.560351
0.7131202
-0.3278533
-0.9730768
-1.510505
-2.139457
-3.028546
-4.361552
-6.348637
-9.135049
-12.44568
-14.96991
-14.70384
-11.3853
-7.11462
-3.699993
-1.543764
-0.3331573
0.3417446
0.7868707
1.202107
1.730912
2.510336
3.710842
5.556444
8.272776
11.79438
15.04286
15.6872
12.61125
7.870311
3.848973
1.241386
-0.2667047
-1.169247
-1.85335
-2.586259
-3.572978
-5.006311
-7.068109
-9.805425
-12.76238
-14.57209
-13.70491
-10.44957
-6.696202
-3.803229
-2.017391
-1.066929
-0.6268463
-0.4712081
-0.4785514
-0.6020382
-0.8455049
-1.254459
-1.92172
-3.005737
-4.753348
-7.48175
-11.33852
-15.45069
-17.01096
-13.84966
-8.210148
-3.340856
-0.1964229
1.645944
2.822466
3.817275
4.949485
6.421894
8.315458
10.47182
12.30257
12.8715
11.65999
9.24688
6.74015
4.85449
3.750963
3.321843
3.429329
4.003615
5.056411
6.647658
8.78722
11.21334
13.11121
13.31491
11.44211
8.496736
5.776913
3.893547
2.856027
2.468364
2.559855
3.055529
3.978143
5.427014
7.520553
10.22287
12.96066
14.34762
13.13474
9.891416
6.3939
3.773867
2.190942
1.386202
1.074972
1.07218
1.297231
1.752982
2.513584
3.726264
5.611555
8.397918
12.00362
15.26804
15.75636
12.44895
7.588595
3.560653
0.9801582
-0.513017
-1.42754
-2.154613
-2.965293
-4.069722
-5.660024
-7.886734
-10.67959
-13.34384
-14.38968
-12.74919
-9.312004
-5.876852
-3.409411
-1.959311
-1.239311
-0.9718728
-0.9852387
-1.208379
-1.648683
-2.381023
-3.551582
-5.382524
-8.119419
-11.74096
-15.19034
-15.99875
-12.8525
-7.895129
-3.689611
-0.9690128
0.6125117
1.583634
2.356398
3.216133
4.379998
6.03622
8.307089
11.0475
13.46097
14.10006
12.1975
8.822075
5.621141
3.382486
2.100738
1.505103
1.352313
1.504766
1.926013
2.664481
3.846433
5.667536
8.324212
11.72241
14.8111
15.41484
12.51089
7.993767
4.115001
1.578942
0.1187421
-0.7247792
-1.316074
-1.903267
-2.671255
-3.796818
-5.479666
-7.907701
-11.03792
-14.06016
-15.11928
-12.96176
-8.88713
-5.064881
-2.43855
-0.9093993
-0.08050424
0.3927089
0.739066
1.10612
1.609149
2.373447
3.569128
5.431223
8.21127
11.87662
15.31802
16.01196
12.72458
7.713889
3.524749
0.8342223
-0.7294682
-1.700156
-2.489165
-3.381241
-4.593274
-6.30876
-8.627875
-11.34565
-13.58193
-13.91536
-11.79786
-8.433319
-5.373928
-3.285028
-2.116402
-1.601992
-1.517734
-1.74595
-2.269257
-3.156149
-4.552681
-6.657363
-9.590034
-12.96788
-15.27175
-14.49381
-10.78597
-6.466726
-3.179279
-1.155247
-0.02055536
0.6398225
1.125634
1.637304
2.330754
3.367684
4.948064
7.293594
10.47072
13.85498
15.57235
13.83605
9.608005
5.368206
2.373958
0.5945916
-0.4104216
-1.045599
-1.592419
-2.24782
-3.182193
-4.583134
-6.659492
-9.528263
-12.81854
-15.08301
-14.40045
-10.85958
-6.654215
-3.411115
-1.401876
-0.284554
0.3383818
0.754762
1.151095
1.662562
2.421203
3.594617
5.407486
8.09682
11.63504
15.00477
15.84805
12.86641
8.056777
3.917311
1.216923
-0.3507172
-1.293666
-2.013678
-2.788767
-3.830822
-5.333552
-7.463648
-10.21324
-13.01769
-14.45788
-13.229
-9.910091
-6.337382
-3.66938
-2.05802
-1.229436
-0.8868227
-0.8350755
-0.9824149
-1.315949
-1.886382
-2.808909
-4.274646
-6.543971
-9.813563
-13.68641
-16.26677
-15.0201
-10.43002
-5.503457
-1.964041
0.1648498
1.417367
2.29375
3.147613
4.228889
5.734759
7.800228
10.35411
12.79956
13.8823
12.62806
9.646602
6.481542
4.109904
2.68907
2.012461
1.84761
2.054238
2.597397
3.534747
5.001365
7.167827
10.07676
13.20307
14.98508
13.78247
10.13123
6.168517
3.228689
1.447954
0.4828191
-0.02587759
-0.3266689
-0.5711191
-0.8576492
-1.271063
-1.914778
-2.940754
-4.576357
-7.115005
-10.72543
-14.74442
-16.74688
-14.35739
-9.107431
-4.209284
-0.9243265
1.010556
2.198332
3.131043
4.144157
5.468933
7.255699
9.497139
11.80869
13.24916
12.811
10.55605
7.668392
5.242448
3.668811
2.87568
2.67536
2.933801
3.613673
4.766623
6.49732
8.85981
11.59253
13.73573
13.8551
11.54526
8.130817
5.125818
3.114878
2.007522
1.530917
1.46643
1.703086
2.228384
3.114051
4.509011
6.616209
9.563697
12.97826
15.33114
14.56852
10.82248
6.450982
3.126264
1.07962
-0.07214973
-0.752152
-1.266553
-1.822142
-2.582591
-3.718758
-5.436155
-7.937228
-11.18737
-14.32693
-15.35929
-12.98604
-8.686254
-4.747932
-2.083074
-0.53418
0.3320311
0.8807327
1.358934
1.939321
2.775374
4.044817
5.965726
8.72477
12.14952
15.02996
15.1846
11.96085
7.463861
3.767304
1.401697
0.05151791
-0.7326084
-1.295152
-1.869442
-2.632463
-3.758437
-5.448779
-7.897002
-11.06635
-14.13736
-15.2099
-12.9986
-8.848511
-4.976673
-2.326816
-0.7838955
0.06182182
0.5632667
0.9566598
1.399202
2.020728
2.967856
4.436428
6.670352
9.829136
13.49161
15.88035
14.71879
10.44581
5.789565
2.394551
0.3421842
-0.8423793
-1.623298
-2.331772
-3.202876
-4.434715
-6.21622
-8.667652
-11.58641
-13.9982
-14.28351
-11.86325
-8.175073
-4.925442
-2.754001
-1.5373
-0.9554942
-0.7498517
-0.7718589
-0.9638671
-1.335334
-1.953458
-2.949714
-4.534302
-6.98281
-10.4611
-14.38332
-16.52054
-14.49781
-9.510669
-4.663468
-1.341776
0.6245861
1.808039
2.696132
3.62654
4.83855
6.511278
8.719148
11.23421
13.23282
13.48319
11.55414
8.497202
5.680586
3.735307
2.65764
2.233202
2.276771
2.702395
3.524491
4.84105
6.794686
9.44335
12.41351
14.45189
13.95255
10.9162
7.141413
4.120331
2.212883
1.181971
0.6986803
0.5249349
0.5299365
0.6622077
0.9249663
1.366448
2.085452
3.249549
5.114585
7.988725
11.93167
15.82517
16.7389
13.0711
7.479739
2.901662
0.006900201
-1.688083
-2.79624
-3.771401
-4.914478
-6.421872
-8.373194
-10.59993
-12.47544
-13.00742
-11.67609
-9.136807
-6.556589
-4.647086
-3.542163
-3.113002
-3.211564
-3.76514
-4.788143
-6.352258
-8.497696
-11.01782
-13.13756
-13.60334
-11.83644
-8.789822
-5.884828
-3.835718
-2.675184
-2.189794
-2.182909
-2.555732
-3.311315
-4.539421
-6.385222
-8.94436
-11.95621
-14.3141
-14.31433
-11.56259
-7.723446
-4.487286
-2.381083
-1.212985
-0.6407678
-0.400776
-0.3391615
-0.3840145
-0.5159376
-0.7518111
-1.142293
-1.7816
-2.828842
-4.535247
-7.237246
-11.13977
-15.46217
-17.33449
-14.24359
-8.387358
-3.275721
0.0279883
1.96324
3.200277
4.244295
5.418657
6.909749
8.753604
10.72324
12.20379
12.39873
11.04419
8.789335
6.580331
4.974731
4.085728
3.824628
4.088433
4.833422
6.074472
7.827103
9.965604
11.99441
12.98418
12.18457
9.91156
7.280489
5.1705
3.856637
3.260336
3.229598
3.669757
4.572635
5.996313
7.993986
10.43527
12.69945
13.60847
12.33506
9.502465
6.526655
4.299281
2.974365
2.373324
2.292419
2.615177
3.327779
4.505504
6.28162
8.74983
11.68357
14.07273
14.28041
11.7781
8.058586
4.819695
2.670519
1.470676
0.8958793
0.6875121
0.6972276
0.8658066
1.198557
1.755164
2.655591
4.096443
6.352001
9.654904
13.66888
16.48809
15.35372
10.61839
5.471996
1.774104
-0.4503311
-1.769605
-2.711785
-3.647169
-4.831138
-6.447054
-8.572999
-11.00665
-12.99516
-13.37469
-11.65435
-8.746987
-5.977316
-4.020535
-2.920582
-2.487485
-2.544682
-3.00899
-3.895811
-5.29943
-7.340107
-10.00374
-12.77422
-14.31833
-13.31199
-10.16789
-6.640616
-3.94224
-2.289271
-1.437733
-1.098878
-1.079798
-1.293396
-1.737793
-2.48324
-3.673021
-5.524036
-8.266298
-11.84143
-15.15245
-15.79747
-12.63259
-7.794539
-3.718954
-1.087402
0.4370437
1.362643
2.084933
2.877736
3.951778
5.500094
7.681754
10.45795
13.19663
14.43584
12.98671
9.59636
6.090085
3.525636
1.998732
1.226863
0.9226339
0.9028153
1.086076
1.469458
2.115288
3.153836
4.792724
7.292031
10.76276
14.50785
16.28032
14.02314
9.145627
4.544217
1.421714
-0.4184496
-1.519596
-2.338923
-3.194287
-4.317566
-5.900108
-8.069275
-10.71579
-13.14238
-13.99632
-12.40535
-9.217442
-6.03576
-3.739107
-2.397931
-1.771503
-1.622605
-1.814222
-2.313388
-3.176904
-4.540563
-6.592835
-9.450104
-12.7591
-15.09087
-14.48787
-10.9683
-6.728339
-3.439403
-1.395295
-0.2549284
0.3849268
0.8179923
1.235873
1.778824
2.584886
3.828525
5.737902
8.531886
12.09598
15.23444
15.57666
12.25169
7.492464
3.575732
1.072494
-0.370627
-1.245172
-1.928
-2.679607
-3.703088
-5.191434
-7.320844
-10.10767
-13.01652
-14.60336
-13.44529
-10.06081
-6.365347
-3.593759
-1.91162
-1.029513
-0.6311949
-0.5037389
-0.5364209
-0.691044
-0.9801277
-1.460509
-2.241734
-3.506157
-5.52568
-8.602004
-12.67967
-16.31045
-16.42254
-12.13271
-6.553432
-2.262482
0.382236
1.937881
2.999003
3.989963
5.190525
6.778501
8.798706
11.0087
12.68813
12.86212
11.2254
8.612324
6.144046
4.402741
3.44762
3.135527
3.331353
3.981013
5.113444
6.801297
9.050625
11.55269
13.39144
13.35112
11.19276
8.099065
5.375755
3.549897
2.56879
2.212781
2.30763
2.780767
3.658421
5.047406
7.090181
9.815459
12.75899
14.55531
13.68524
10.44044
6.700931
3.81804
2.03848
1.092864
0.6584481
0.5112033
0.5317289
0.6760787
0.9526463
1.414306
2.165537
3.381711
5.327391
8.30864
12.32837
16.09703
16.59304
12.58101
6.98259
2.553708
-0.207057
-1.826307
-2.908338
-3.891384
-5.064974
-6.615586
-8.604471
-10.82382
-12.5957
-12.93384
-11.43318
-8.85033
-6.330355
-4.513572
-3.491709
-3.1275
-3.279908
-3.886537
-4.969936
-6.602648
-8.806821
-11.32039
-13.28854
-13.47184
-11.479
-8.40006
-5.596105
-3.674178
-2.616602
-2.205613
-2.257195
-2.687579
-3.513185
-4.833811
-6.793964
-9.453175
-12.4363
-14.48025
-13.96766
-10.90712
-7.114639
-4.08617
-2.176447
-1.143458
-0.6554484
-0.4724771
-0.4616536
-0.5682226
-0.7899307
-1.165974
-1.78068
-2.780221
-4.39633
-6.942433
-10.63404
-14.85846
-17.08814
-14.66457
-9.150739
-4.014301
-0.5892547
1.426546
2.677832
3.680382
4.777148
6.187257
8.013582
10.145
12.0676
12.87317
11.92427
9.636681
7.098952
5.109628
3.898665
3.382387
3.420462
3.931819
4.917151
6.431637
8.497854
10.90346
12.91498
13.37669
11.74799
8.882125
6.103072
4.116851
2.989016
2.536452
2.581973
3.039658
3.922033
5.320464
7.351713
9.998012
12.74435
14.27275
13.27929
10.16896
6.67152
3.990118
2.346075
1.502064
1.174153
1.173122
1.415891
1.906194
2.722371
4.017599
6.013229
8.908991
12.50886
15.45079
15.35591
11.72621
6.985848
3.2318
0.8756715
-0.4781177
-1.312616
-1.988745
-2.756841
-3.816622
-5.361076
-7.561152
-10.40227
-13.26762
-14.63686
-13.19695
-9.685484
-6.036568
-3.37036
-1.778019
-0.952604
-0.5839602
-0.4688164
-0.5032725
-0.6524621
-0.9294877
-1.389622
-2.138909
-3.354623
-5.304901
-8.30257
-12.35827
-16.17069
-16.6636
-12.58519
-6.92266
-2.4615
0.31291
1.941551
3.035753
4.036016
5.230517
6.798601
8.783427
10.94631
12.58941
12.77403
11.19945
8.658701
6.238951
4.520866
3.576363
3.273579
3.483832
4.155476
5.315725
7.027495
9.270695
11.69112
13.34907
13.11476
10.89511
7.886268
5.297482
3.588291
2.694108
2.408894
2.576795
3.141951
4.143991
5.693757
7.905171
10.69136
13.34922
14.38653
12.73974
9.302489
5.871142
3.407833
1.960849
1.243095
0.9775995
0.9931977
1.219451
1.664447
2.404
3.58549
5.431984
8.186998
11.81653
15.23413
15.96269
12.75578
7.801665
3.629674
0.9396638
-0.6228275
-1.584367
-2.353367
-3.212707
-4.378501
-6.038937
-8.316551
-11.06498
-13.48209
-14.11255
-12.19187
-8.80201
-5.595709
-3.357074
-2.07631
-1.48025
-1.324574
-1.470942
-1.881882
-2.604239
-3.762336
-5.551166
-8.173932
-11.56574
-14.73287
-15.5038
-12.71833
-8.18797
-4.233376
-1.6274
-0.1212978
0.7492656
1.357761
1.959347
2.743514
3.889646
5.597141
8.045926
11.1673
14.10896
15.023
12.77192
8.723017
4.982807
2.43119
0.953723
0.1608156
-0.2805976
-0.5888626
-0.9014113
-1.321392
-1.957418
-2.957378
-4.536025
-6.967506
-10.41553
-14.30616
-16.45364
-14.50231
-9.583666
-4.762962
-1.44356
0.5238439
1.702378
2.576574
3.483174
4.66211
6.298156
8.485222
11.03902
13.18358
13.64781
11.84869
8.763518
5.833731
3.773426
2.607396
2.115692
2.097656
2.451712
3.178447
4.366043
6.163011
8.685093
11.72752
14.25595
14.51713
11.90651
8.014735
4.64591
2.420969
1.170041
0.5397005
0.2487221
0.1268485
0.08573959
0.08526773
0.1111567
0.163579
0.2532754
0.4028559
0.6527599
1.073136
1.784532
2.99054
5.015895
8.283719
12.9279
17.41432
17.69775
12.41232
5.755201
0.8627863
-2.066434
-3.788381
-4.988406
-6.099599
-7.338891
-8.735291
-10.10957
-11.07423
-11.20201
-10.36821
-8.914348
-7.391828
-6.21246
-5.544565
-5.399263
-5.736461
-6.515866
-7.686812
-9.123591
-10.53009
-11.41664
-11.32156
-10.20715
-8.547726
-6.950186
-5.796458
-5.203537
-5.1497
-5.585023
-6.473206
-7.769291
-9.338807
-10.84299
-11.71922
-11.46886
-10.1235
-8.275192
-6.585969
-5.419926
-4.855555
-4.845269
-5.331669
-6.284987
-7.674626
-9.376867
-11.03535
-12.01709
-11.738
-10.23141
-8.186054
-6.346593
-5.093368
-4.484076
-4.448014
-4.916688
-5.865164
-7.286645
-9.10022
-10.98731
-12.2753
-12.21582
-10.69292
-8.43626
-6.337067
-4.86749
-4.097746
-3.93447
-4.285591
-5.118731
-6.450505
-8.275152
-10.40471
-12.25172
-12.87836
-11.73121
-9.347403
-6.831432
-4.919354
-3.789044
-3.338406
-3.428846
-3.9877
-5.023916
-6.596217
-8.717587
-11.13851
-13.06414
-13.33042
-11.5161
-8.589616
-5.855998
-3.948745
-2.890392
-2.48798
-2.569357
-3.05707
-3.971546
-5.410191
-7.490611
-10.17988
-12.91604
-14.32777
-13.15791
-9.943779
-6.450177
-3.821154
-2.228366
-1.417725
-1.105359
-1.106007
-1.339295
-1.809216
-2.592115
-3.838124
-5.769022
-8.6036
-12.21652
-15.36241
-15.61276
-12.15702
-7.331576
-3.410268
-0.9202932
0.5167156
1.40059
2.110902
2.910828
4.006824
5.59136
7.820601
10.63682
13.35671
14.46977
12.85046
9.373477
5.879805
3.365865
1.884046
1.138895
0.8437391
0.8184058
0.9826333
1.331355
1.921256
2.87353
4.386213
6.724659
10.07235
13.95905
16.36166
14.80794
10.06395
5.177166
1.733018
-0.3241035
-1.542881
-2.417164
-3.293216
-4.416691
-5.979928
-8.10154
-10.66312
-12.98759
-13.80072
-12.29241
-9.249711
-6.1833
-3.950854
-2.645616
-2.052643
-1.953079
-2.22393
-2.846275
-3.892
-5.504647
-7.83811
-10.84036
-13.76151
-14.88771
-12.98213
-9.142105
-5.423936
-2.817656
-1.291992
-0.4881469
-0.08090066
0.1419982
0.303351
0.4767479
0.7190871
1.095005
1.699209
2.682536
4.281385
6.820619
10.54469
14.8838
17.27439
14.87503
9.223412
3.94124
0.424244
-1.644388
-2.931939
-3.967419
-5.09675
-6.529673
-8.341073
-10.37118
-12.0705
-12.59769
-11.49485
-9.271499
-6.926668
-5.137554
-4.084864
-3.69095
-3.838767
-4.4676
-5.585488
-7.227193
-9.337769
-11.54894
-12.99743
-12.72399
-10.69387
-7.955426
-5.577549
-3.998026
-3.190014
-2.98886
-3.268684
-3.993058
-5.20796
-6.996686
-9.355129
-11.91408
-13.64692
-13.31598
-10.87063
-7.662585
-4.968813
-3.219039
-2.301852
-1.979718
-2.078427
-2.529108
-3.360956
-4.685653
-6.663739
-9.380077
-12.4836
-14.67591
-14.2074
-11.02871
-7.068495
-3.916289
-1.931072
-0.8423257
-0.2909407
-0.0144587
0.1435961
0.2706377
0.4206591
0.6398537
0.9860028
1.54779
2.469487
3.981804
6.415317
10.06961
14.54713
17.44236
15.51979
9.834657
4.250172
0.4676731
-1.762685
-3.134573
-4.209083
-5.348609
-6.761314
-8.504403
-10.39687
-11.90471
-12.28306
-11.18828
-9.120103
-6.968382
-5.333839
-4.387153
-4.071214
-4.290868
-4.997061
-6.192462
-7.876714
-9.912862
-11.8233
-12.74997
-12.01359
-9.896064
-7.413937
-5.397813
-4.133151
-3.568078
-3.571062
-4.058185
-5.022484
-6.508502
-8.525862
-10.85441
-12.78155
-13.21506
-11.65454
-8.903347
-6.217625
-4.286333
-3.190439
-2.765843
-2.848948
-3.362624
-4.32416
-5.82094
-7.939879
-10.57424
-13.05809
-14.04359
-12.57268
-9.408103
-6.174793
-3.810561
-2.415018
-1.75001
-1.571204
-1.733151
-2.195032
-3.006049
-4.295245
-6.251492
-9.02121
-12.3541
-14.96988
-14.82303
-11.54499
-7.226898
-3.743148
-1.533105
-0.2868171
0.4140426
0.8844296
1.332011
1.907831
2.75764
4.06131
6.045733
8.904191
12.43558
15.31238
15.2414
11.72717
7.092287
3.392405
1.060324
-0.2741834
-1.078845
-1.704957
-2.394298
-3.337912
-4.725398
-6.751423
-9.506815
-12.61536
-14.73342
-14.1289
-10.86082
-6.901643
-3.793206
-1.850687
-0.7893488
-0.2506963
0.02401275
0.1888631
0.3312417
0.5077111
0.770177
1.186605
1.862629
2.968882
4.769951
7.608412
11.64197
15.89129
17.27387
13.65758
7.716551
2.780941
-0.3438876
-2.173842
-3.372235
-4.422776
-5.63073
-7.164616
-9.031413
-10.95582
-12.28149
-12.25302
-10.73891
-8.468573
-6.346732
-4.856253
-4.070205
-3.893738
-4.232462
-5.052658
-6.371994
-8.190438
-10.33272
-12.2255
-12.92307
-11.82901
-9.44772
-6.897116
-4.942087
-3.775412
-3.296243
-3.36176
-3.894586
-4.900821
-6.441038
-8.541008
-10.98274
-13.0087
-13.43332
-11.72846
-8.798734
-5.992448
-4.0038
-2.880482
-2.428784
-2.467037
-2.907543
-3.762198
-5.124207
-7.12074
-9.765964
-12.60439
-14.34365
-13.55402
-10.4782
-6.873924
-4.058551
-2.309317
-1.390419
-1.000992
-0.9329666
-1.084919
-1.439884
-2.049333
-3.032727
-4.585871
-6.96305
-10.30889
-14.07104
-16.19824
-14.44319
-9.766367
-5.07214
-1.79104
0.1612473
1.311491
2.128407
2.940812
3.985809
5.460686
7.51884
10.13432
12.76426
14.116
13.01885
9.963293
6.602648
4.046962
2.492343
1.715008
1.452516
1.535928
1.902539
2.580409
3.678019
5.375615
7.870927
11.14007
14.33852
15.44574
13.09135
8.743533
4.743841
2.033933
0.4554239
-0.4344352
-1.009777
-1.525308
-2.161582
-3.081207
-4.470728
-6.54578
-9.442204
-12.81639
-15.20938
-14.59199
-10.98149
-6.652655
-3.312191
-1.241105
-0.07872795
0.591988
1.075045
1.572964
2.240868
3.237228
4.7583
7.029131
10.14951
13.59227
15.57807
14.16279
10.03259
5.692973
2.560112
0.6786193
-0.3854249
-1.050169
-1.610169
-2.270326
-3.204446
-4.600139
-6.663573
-9.507964
-12.7653
-15.01337
-14.36312
-10.8828
-6.720649
-3.495419
-1.492538
-0.3819741
0.2270798
0.61782
0.9713465
1.414591
2.066897
3.078507
4.658891
7.065792
10.43216
14.16619
16.17972
14.30084
9.602603
4.961597
1.739926
-0.1718819
-1.299336
-2.104182
-2.909714
-3.950157
-5.422467
-7.482638
-10.11078
-12.76989
-14.1582
-13.07547
-9.999936
-6.605975
-4.022673
-2.449234
-1.65755
-1.379937
-1.442768
-1.778607
-2.409863
-3.438381
-5.040185
-7.42594
-10.64213
-14.0097
-15.59449
-13.6822
-9.382794
-5.175324
-2.24005
-0.5049766
0.4778389
1.109211
1.666813
2.346727
3.321414
4.781485
6.932821
9.863177
13.1134
15.13152
14.10546
10.41464
6.287875
3.193091
1.304369
0.2627302
-0.3166071
-0.7057584
-1.079556
-1.565161
-2.288389
-3.411478
-5.156976
-7.77504
-11.29854
-14.83704
-16.05152
-13.32842
-8.469285
-4.143984
-1.280772
0.391187
1.395906
2.15718
2.968807
4.050986
5.597013
7.757128
10.47654
13.11941
14.27593
12.84205
9.554613
6.155526
3.662985
2.181002
1.446988
1.190718
1.243678
1.540962
2.10224
3.022166
4.470843
6.675787
9.78406
13.3799
15.74351
14.6635
10.51631
5.937106
2.569078
0.5261285
-0.6446751
-1.396665
-2.054262
-2.845974
-3.964341
-5.603077
-7.926591
-10.87018
-13.67874
-14.70383
-12.81576
-9.094559
-5.496506
-2.970179
-1.495875
-0.7372968
-0.3884789
-0.2545123
-0.2333833
-0.2824562
-0.3950517
-0.5900775
-0.9125703
-1.443979
-2.322926
-3.775641
-6.13546
-9.73636
-14.29605
-17.53647
-15.97067
-10.27492
-4.468756
-0.4880905
1.863029
3.297194
4.398866
5.541953
6.932669
8.615277
10.39645
11.76102
12.03909
10.9632
9.017183
7.010872
5.49148
4.623156
4.363445
4.631998
5.385768
6.618992
8.300105
10.23347
11.88912
12.46752
11.49824
9.408164
7.136152
5.363591
4.300862
3.892855
4.032157
4.658485
5.773578
7.398074
9.45361
11.55068
12.84927
12.48518
10.49547
7.882863
5.633264
4.149331
3.410005
3.268554
3.615078
4.423012
5.73745
7.615951
9.975852
12.30884
13.52635
12.65975
10.05279
7.059377
4.699408
3.237825
2.535668
2.388193
2.665512
3.339713
4.473786
6.191094
8.583808
11.45275
13.86579
14.24415
11.95453
8.341304
5.101145
2.91255
1.680897
1.097931
0.9087579
0.9681564
1.225011
1.700931
2.482925
3.730146
5.677347
8.565609
12.29382
15.58265
15.84842
12.21742
7.193762
3.155317
0.6075095
-0.8708809
-1.807878
-2.600049
-3.52256
-4.788122
-6.574722
-8.95968
-11.67261
-13.73806
-13.75497
-11.39893
-8.015371
-5.071612
-3.115235
-2.047656
-1.601723
-1.567368
-1.841931
-2.421303
-3.386338
-4.893657
-7.13986
-10.1929
-13.50419
-15.3569
-13.95488
-9.983163
-5.804111
-2.772126
-0.9505777
0.06263451
0.6612414
1.120302
1.624211
2.321444
3.372518
4.980591
7.372084
10.60907
14.02617
15.67036
13.76763
9.419752
5.155571
2.181063
0.4211718
-0.5817821
-1.236927
-1.828679
-2.559668
-3.609143
-5.171543
-7.439611
-10.43331
-13.52968
-15.05377
-13.48952
-9.665786
-5.752046
-2.935181
-1.256663
-0.3504972
0.1364821
0.4436779
0.7187382
1.063132
1.572338
2.369405
3.635469
5.62738
8.614765
12.51046
15.94149
16.10021
12.13984
6.858149
2.713393
0.1311819
-1.377401
-2.372611
-3.265454
-4.337347
-5.79345
-7.762323
-10.17273
-12.4806
-13.56235
-12.51273
-9.803139
-6.81865
-4.521192
-3.124306
-2.470637
-2.356121
-2.657428
-3.353538
-4.513333
-6.264232
-8.696374
-11.5908
-13.97041
-14.23533
-11.82699
-8.170124
-4.948516
-2.795371
-1.591107
-1.021322
-0.8319276
-0.8788268
-1.109886
-1.542694
-2.256812
-3.401082
-5.203095
-7.926482
-11.59671
-15.2162
-16.2458
-13.14396
-8.041815
-3.668892
-0.8321066
0.822748
1.849498
2.680382
3.613552
4.870549
6.626773
8.950191
11.56999
13.55425
13.5876
11.35745
8.113618
5.258067
3.344872
2.304121
1.891531
1.912386
2.276965
2.995651
4.1649
5.945497
8.479971
11.61291
14.34164
14.80574
12.20994
8.161932
4.615801
2.26192
0.9228541
0.216827
-0.1647711
-0.4181768
-0.6627957
-0.984174
-1.469086
-2.235519
-3.462131
-5.409011
-8.367302
-12.31457
-15.96462
-16.40875
-12.50067
-7.048641
-2.71485
-0.004103334
1.582734
2.631936
3.5734
4.69655
6.20032
8.182842
10.50672
12.55577
13.26183
11.97195
9.319653
6.572749
4.522823
3.317718
2.810467
2.830455
3.287306
4.185974
5.606138
7.640388
10.22262
12.77997
14.02959
12.87322
9.846487
6.560553
4.074549
2.570185
1.830593
1.604926
1.735285
2.169836
2.948821
4.193483
6.087498
8.785095
12.08485
14.80818
14.92402
11.85611
7.563034
4.002377
1.71052
0.4124736
-0.3087339
-0.7741613
-1.194807
-1.719719
-2.487217
-3.665948
-5.476548
-8.144827
-11.62578
-14.9047
-15.69884
-12.78308
-8.088336
-4.032282
-1.377877
0.1598404
1.070814
1.744681
2.450127
3.391116
4.759243
6.743414
9.427587
12.45037
14.5399
14.0399
10.94294
7.09949
4.033547
2.10098
1.05108
0.5437609
0.3322216
0.2763841
0.3115458
0.4197403
0.6144135
0.9377237
1.468843
2.343228
3.781445
6.107044
9.642966
14.1219
17.36602
15.97148
10.4536
4.710532
0.7287773
-1.632143
-3.065541
-4.154707
-5.279938
-6.661251
-8.368447
-10.24339
-11.78548
-12.26298
-11.28667
-9.289076
-7.142755
-5.475402
-4.486331
-4.131813
-4.318348
-4.993375
-6.155311
-7.8026
-9.806207
-11.71171
-12.68741
-12.04219
-10.00253
-7.549798
-5.525083
-4.237793
-3.650906
-3.637486
-4.112677
-5.066211
-6.538012
-8.532409
-10.82696
-12.71974
-13.14581
-11.61898
-8.918811
-6.272687
-4.363555
-3.279817
-2.865744
-2.963388
-3.498914
-4.490782
-6.023136
-8.167899
-10.77984
-13.13932
-13.91207
-12.28713
-9.133367
-6.012994
-3.769477
-2.466342
-1.869678
-1.751496
-1.9834
-2.540924
-3.489848
-4.972693
-7.168496
-10.12682
-13.31143
-15.10748
-13.8293
-10.06937
-6.038149
-3.072464
-1.282178
-0.3040208
0.232258
0.5835288
0.9120096
1.333124
1.959179
2.935747
4.470391
6.82805
10.17725
14.01211
16.29443
14.64864
9.930641
5.127391
1.754907
-0.2561214
-1.445157
-2.295197
-3.145063
-4.237024
-5.766131
-7.866596
-10.45892
-12.91725
-13.9481
-12.59086
-9.52806
-6.337614
-3.97519
-2.570603
-1.903247
-1.736166
-1.927777
-2.441669
-3.333184
-4.736523
-6.831875
-9.705195
-12.93403
-15.03657
-14.18785
-10.62376
-6.511875
-3.377162
-1.447809
-0.3844435
0.1953866
0.5646891
0.8964762
1.311147
1.921546
2.870413
4.360087
6.651846
9.928654
13.75675
16.21541
14.85873
10.27858
5.433261
1.96941
-0.1097684
-1.330949
-2.1834
-3.012814
-4.065118
-5.538917
-7.581736
-10.15596
-12.71418
-13.99765
-12.89991
-9.915617
-6.638648
-4.142642
-2.625518
-1.877696
-1.649941
-1.784219
-2.228739
-3.024451
-4.293425
-6.217693
-8.939736
-12.22275
-14.83951
-14.79236
-11.64498
-7.393735
-3.916651
-1.694475
-0.4426161
0.2475718
0.6866426
1.076704
1.558831
2.262723
3.347345
5.027182
7.546907
10.96531
14.50737
15.98005
13.61949
8.919152
4.556709
1.607144
-0.1238732
-1.143883
-1.879033
-2.625499
-3.602351
-5.004779
-7.010262
-9.665833
-12.54824
-14.37795
-13.67248
-10.60614
-6.951256
-4.075828
-2.280444
-1.328666
-0.9114086
-0.8118213
-0.919851
-1.208414
-1.71509
-2.539843
-3.855732
-5.912346
-8.951058
-12.7973
-15.954
-15.72877
-11.65779
-6.552955
-2.629764
-0.2047103
1.208568
2.142146
2.984106
4.003936
5.408344
7.349566
9.816496
12.34721
13.80049
13.03212
10.30421
7.092925
4.544826
2.953144
2.154151
1.909729
2.061154
2.555785
3.436511
4.826295
6.891214
9.699141
12.82305
14.84045
14.03338
10.61969
6.64483
3.587196
1.697986
0.6688468
0.1391231
-0.147411
-0.3447654
-0.5452293
-0.8169739
-1.233033
-1.896777
-2.96956
-4.69791
-7.399665
-11.23433
-15.36955
-17.03388
-13.97519
-8.345623
-3.43414
-0.2487037
1.618368
2.805411
3.801301
4.928532
6.392094
8.27584
10.42785
12.27005
12.87031
11.69414
9.298632
6.789067
4.890897
3.774135
3.334308
3.433446
4.000381
5.045385
6.627548
8.757705
11.17923
13.08674
13.31704
11.47182
8.53798
5.814813
3.922661
2.877089
2.483964
2.572353
3.066489
3.988301
5.436208
7.527388
10.22434
12.95333
14.33266
13.12121
9.887723
6.400497
3.787272
2.208473
1.407129
1.100215
1.104035
1.339496
1.811518
2.597197
3.847413
5.784622
8.62727
12.24548
15.38213
15.60405
12.1239
7.29511
3.381965
0.9004658
-0.5315493
-1.413982
-2.125738
-2.92962
-4.032077
-5.625409
-7.863904
-10.68301
-13.38613
-14.45776
-12.79915
-9.314142
-5.836527
-3.34324
-1.877481
-1.14315
-0.8557889
-0.8377
-1.010852
-1.372481
-1.982171
-2.965034
-4.523517
-6.923194
-10.32564
-14.1814
-16.36993
-14.54244
-9.719111
-4.920264
-1.589172
0.3897289
1.567477
2.426149
3.302265
4.436549
6.019726
8.16833
10.75388
13.07345
13.82901
12.23736
9.143318
6.071209
3.85531
2.568097
1.98616
1.889153
2.154586
2.763868
3.788888
5.374635
7.683419
10.68973
13.69015
14.97413
13.18761
9.33657
5.533111
2.84211
1.255982
0.4103774
-0.03221303
-0.2957602
-0.5143891
-0.7753463
-1.155374
-1.750177
-2.702745
-4.231609
-6.633846
-10.13981
-14.28726
-16.8528
-15.06547
-9.883841
-4.704486
-1.133203
0.9860927
2.270706
3.246775
4.273038
5.589171
7.341048
9.509672
11.7111
13.05361
12.61637
10.47429
7.727617
5.405303
3.893336
3.141425
2.982909
3.298138
4.058122
5.314486
7.150673
9.547989
12.09527
13.71598
13.20516
10.63969
7.427679
4.794126
3.11107
2.244381
1.956018
2.078342
2.549509
3.40471
4.760505
6.77938
9.53707
12.64551
14.74838
14.11512
10.82682
6.865991
3.765282
1.830752
0.7743936
0.2375277
-0.03809229
-0.2063647
-0.3551131
-0.5421379
-0.8216874
-1.265738
-1.986466
-3.164331
-5.075162
-8.05871
-12.19609
-16.26691
-17.04589
-12.94382
-7.029024
-2.338842
0.5774555
2.289705
3.442053
4.492521
5.72905
7.307673
9.216913
11.14568
12.39544
12.21819
10.56614
8.240026
6.13718
4.697545
3.963943
3.831528
4.20752
5.063872
6.423604
8.287154
10.46643
12.35525
12.97843
11.76906
9.304113
6.730986
4.792337
3.652359
3.195405
3.275057
3.815589
4.826976
6.375723
8.496564
10.98118
13.06777
13.5336
11.81109
8.820958
5.95442
3.924054
2.773226
2.298006
2.307811
2.707998
3.505032
4.79027
6.702222
9.304032
12.2528
14.35225
13.99918
11.08594
7.3408
4.290685
2.34495
1.288741
0.7974342
0.6320608
0.6619863
0.8393833
1.176029
1.735444
2.640702
4.092324
6.370337
9.71274
13.77269
16.58976
15.36188
10.5224
5.332841
1.63196
-0.588147
-1.910608
-2.867681
-3.830145
-5.051389
-6.706197
-8.847483
-11.2221
-13.03025
-13.16551
-11.30758
-8.44232
-5.808759
-3.989219
-2.996027
-2.646057
-2.780783
-3.334694
-4.336725
-5.884123
-8.068066
-10.7668
-13.25932
-14.13268
-12.47365
-9.180289
-5.920678
-3.583605
-2.220609
-1.572297
-1.388735
-1.522938
-1.930967
-2.655664
-3.818505
-5.61072
-8.22764
-11.58994
-14.69527
-15.40937
-12.63417
-8.165026
-4.268732
-1.700826
-0.2197097
0.6283119
1.208101
1.767504
2.488509
3.542826
5.127256
7.444584
10.52413
13.71851
15.25553
13.55263
9.548507
5.526914
2.6696
0.9737203
0.04191612
-0.4968361
-0.89628
-1.322963
-1.9081
-2.793291
-4.165348
-6.263886
-9.281321
-12.93992
-15.69637
-15.1574
-11.20474
-6.452682
-2.829866
-0.5960835
0.6893991
1.507283
2.208556
3.038921
4.199006
5.880043
8.224387
11.11075
13.7138
14.43933
12.39958
8.776317
5.378881
3.027001
1.675399
1.009718
0.7539962
0.7419267
0.902306
1.233753
1.792419
2.695988
4.138327
6.388404
9.668721
13.63316
16.39841
15.27367
10.61209
5.53345
1.873301
-0.3309823
-1.633937
-2.555575
-3.462231
-4.608931
-6.185709
-8.293632
-10.77992
-12.94398
-13.5757
-12.00827
-9.063387
-6.150953
-4.048327
-2.83554
-2.315659
-2.292518
-2.663345
-3.427193
-4.66969
-6.528305
-9.080462
-12.03249
-14.25998
-14.13223
-11.36877
-7.619557
-4.488013
-2.460159
-1.346895
-0.8217232
-0.6369815
-0.6543693
-0.8206261
-1.143406
-1.682135
-2.554715
-3.955088
-6.158647
-9.417964
-13.46618
-16.48942
-15.61988
-10.9479
-5.688793
-1.858633
0.4563542
1.826965
2.797043
3.748851
4.942839
6.559958
8.667135
11.04466
12.93761
13.23164
11.50563
8.66851
5.986208
4.098234
3.046869
2.653681
2.754399
3.27577
4.240015
5.740784
7.874803
10.54922
13.10337
14.15479
12.68428
9.454817
6.146316
3.727717
2.296646
1.60253
1.389244
1.501159
1.886858
2.582757
3.704234
5.438026
7.985227
11.30805
14.50453
15.48713
12.95646
8.522943
4.531743
1.858906
0.3073226
-0.5765685
-1.167917
-1.722531
-2.425613
-3.448164
-4.984658
-7.240507
-10.27097
-13.50398
-15.24129
-13.78899
-9.879162
-5.799621
-2.845281
-1.074406
-0.0995194
0.4579161
0.8599129
1.277524
1.842492
2.693625
4.012722
6.036421
8.9725
12.61662
15.56045
15.37889
11.63688
6.843168
3.086028
0.7399195
-0.6109019
-1.456279
-2.159734
-2.974378
-4.10313
-5.737833
-8.028215
-10.88514
-13.55194
-14.46824
-12.62428
-9.060864
-5.611371
-3.180352
-1.766566
-1.062948
-0.7876672
-0.7674276
-0.9263145
-1.260546
-1.825467
-2.738848
-4.194708
-6.460212
-9.748537
-13.68839
-16.37394
-15.16824
-10.50537
-5.47842
-1.86877
0.3021594
1.58486
2.492424
3.386315
4.519541
6.083933
8.18902
10.70022
12.93506
13.66294
12.14755
9.178063
6.202481
4.039367
2.781155
2.226215
2.169357
2.499151
3.207112
4.37367
6.140199
8.617861
11.61103
14.12737
14.46228
11.97189
8.157945
4.808497
2.577034
1.3202
0.6966433
0.430614
0.3573388
0.398049
0.5297841
0.7678864
1.162594
1.808303
2.864542
4.582497
7.295854
11.19803
15.48325
17.27975
14.1495
8.324132
3.261604
-0.006459486
-1.920938
-3.146238
-4.183143
-5.353653
-6.846299
-8.703121
-10.70468
-12.2346
-12.47257
-11.12407
-8.837883
-6.585092
-4.941959
-4.025357
-3.742721
-3.986224
-4.709306
-5.928029
-7.666797
-9.821432
-11.9253
-13.04664
-12.36135
-10.1084
-7.415611
-5.220424
-3.83288
-3.179537
-3.10038
-3.490736
-4.335143
-5.691401
-7.629719
-10.07259
-12.48688
-13.71351
-12.73826
-9.974998
-6.872419
-4.466073
-2.990358
-2.277219
-2.104963
-2.334203
-2.930204
-3.951723
-5.529787
-7.80536
-10.72196
-13.56576
-14.71588
-12.9642
-9.287164
-5.653527
-3.072067
-1.554661
-0.7701071
-0.4082111
-0.269167
-0.2477903
-0.3000498
-0.419245
-0.6254315
-0.966103
-1.526978
-2.453491
-3.981239
-6.449936
-10.16813
-14.7172
-17.58956
-15.49415
-9.653623
-4.022099
-0.2452414
1.975344
3.348741
4.436143
5.593562
7.015731
8.734946
10.53627
11.87352
12.06502
10.8831
8.86946
6.850585
5.353097
4.517483
4.289271
4.585973
5.367329
6.631651
8.3492
10.3179
11.98688
12.53216
11.49077
9.332567
7.025842
5.248045
4.193456
3.795351
3.941683
4.572281
5.69221
7.32877
9.413539
11.56395
12.92548
12.59126
10.57316
7.899848
5.593435
4.069174
3.301473
3.134994
3.452849
4.224629
5.496853
7.340333
9.709486
12.1564
13.60816
12.96483
10.40768
7.307496
4.79806
3.210542
2.414127
2.188222
2.383122
2.953062
3.947357
5.488865
7.713426
10.57308
13.39776
14.63081
13.03702
9.47182
5.862619
3.261493
1.721655
0.9296992
0.5807309
0.478064
0.5229026
0.6842254
0.9787437
1.466246
2.259326
3.54446
5.598765
8.725533
12.84668
16.43651
16.37835
11.93959
6.339328
2.090135
-0.5142994
-2.049892
-3.110353
-4.115361
-5.339642
-6.952724
-8.980984
-11.1489
-12.7099
-12.72881
-11.00255
-8.409259
-6.022211
-4.367653
-3.482918
-3.226785
-3.473888
-4.179519
-5.377335
-7.13298
-9.418288
-11.84874
-13.44012
-13.06919
-10.73314
-7.690761
-5.128417
-3.461663
-2.602468
-2.339479
-2.51904
-3.08906
-4.092845
-5.645447
-7.867182
-10.68011
-13.38374
-14.46085
-12.8076
-9.323305
-5.842957
-3.346411
-1.878169
-1.142163
-0.8535646
-0.8342802
-1.005918
-1.365333
-1.971621
-2.94923
-4.499872
-6.889149
-10.28257
-14.14441
-16.37014
-14.5885
-9.777356
-4.96308
-1.612848
0.3791701
1.563779
2.425078
3.301227
4.433772
6.013685
8.157796
10.73921
13.05924
13.8239
12.24583
9.160426
6.089591
3.871292
2.581373
1.997849
1.900672
2.16733
2.779242
3.808367
5.3995
7.713449
10.71969
13.7056
14.959
13.1481
9.297856
5.510375
2.835725
1.261329
0.4237184
-0.01232236
-0.2685658
-0.4770607
-0.7226203
-1.078523
-1.635155
-2.527516
-3.964009
-6.237261
-9.613471
-13.7892
-16.78354
-15.61016
-10.62628
-5.258724
-1.440973
0.8461597
2.21558
3.21965
4.238358
5.522696
7.22533
9.341188
11.52273
12.92978
12.64061
10.63915
7.951117
5.617261
4.067374
3.279615
3.096675
3.398343
4.151469
5.401674
7.223472
9.585362
12.06725
13.61391
13.07985
10.56679
7.43619
4.868223
3.227678
2.391567
2.134664
2.299748
2.833906
3.780441
5.259429
7.415819
10.24433
13.16823
14.68491
13.38565
9.896615
6.179277
3.430121
1.774466
0.9057577
0.5036723
0.3541009
0.342966
0.4239519
0.5942213
0.8842606
1.360688
2.140962
3.418726
5.486377
8.678358
12.95517
16.74131
16.67627
11.96581
6.104071
1.717332
-0.951159
-2.530998
-3.641871
-4.709881
-5.998697
-7.639442
-9.577731
-11.43363
-12.46207
-11.99415
-10.15839
-7.830928
-5.840803
-4.539205
-3.926796
-3.894652
-4.361203
-5.310157
-6.766488
-8.707972
-10.88026
-12.58524
-12.85582
-11.33055
-8.775641
-6.305825
-4.53496
-3.547908
-3.21141
-3.390775
-4.028718
-5.149787
-6.82146
-9.044611
-11.51065
-13.32058
-13.28872
-11.17812
-8.136739
-5.446678
-3.637001
-2.665396
-2.320601
-2.433733
-2.936015
-3.856592
-5.302251
-7.404027
-10.14808
-12.98192
-14.48864
-13.31827
-10.00294
-6.394123
-3.685261
-2.042935
-1.192393
-0.8312869
-0.7587072
-0.8771635
-1.167026
-1.669655
-2.486875
-3.793364
-5.842474
-8.886003
-12.77045
-16.00884
-15.84676
-11.7471
-6.565881
-2.579891
-0.1159204
1.32291
2.279351
3.148503
4.203252
5.648381
7.622162
10.07516
12.48434
13.69809
12.71484
9.955966
6.864749
4.46928
3.001541
2.29435
2.127699
2.363788
2.969275
4.00407
5.599318
7.892187
10.81205
13.61811
14.68226
12.85568
9.171072
5.575638
3.037644
1.552599
0.7897544
0.444246
0.3217062
0.3219358
0.4064276
0.5761515
0.863203
1.334737
2.108358
3.378117
5.438402
8.630507
12.93119
16.77753
16.76298
12.02986
6.109352
1.676674
-1.018713
-2.614287
-3.736162
-4.813005
-6.106835
-7.741778
-9.650742
-11.44304
-12.38745
-11.86401
-10.03831
-7.768786
-5.845201
-4.597861
-4.026359
-4.028373
-4.528613
-5.512801
-6.999421
-8.944222
-11.05232
-12.59665
-12.66664
-11.03356
-8.516418
-6.163254
-4.513185
-3.623193
-3.364057
-3.615012
-4.331402
-5.542974
-7.304536
-9.564878
-11.9082
-13.35197
-12.85962
-10.52162
-7.573017
-5.121487
-3.542599
-2.748316
-2.5416
-2.784056
-3.436434
-4.550794
-6.238828
-8.579718
-11.36911
-13.70724
-14.09363
-11.91603
-8.430923
-5.269878
-3.117667
-1.907525
-1.352673
-1.212417
-1.354226
-1.74355
-2.426654
-3.525182
-5.23433
-7.776236
-11.1608
-14.54017
-15.75416
-13.27648
-8.689561
-4.509433
-1.700723
-0.06081653
0.8933659
1.563622
2.227497
3.090179
4.340426
6.17342
8.724379
11.78888
14.31302
14.52685
11.85669
7.935831
4.567437
2.352601
1.10902
0.4789786
0.1800353
0.04054104
-0.03105263
-0.08115903
-0.1352016
-0.2121183
-0.3337049
-0.5328632
-0.8642193
-1.420708
-2.36008
-3.941962
-6.549273
-10.53965
-15.41937
-18.22869
-15.40915
-8.907872
-3.059431
0.7186464
2.914382
4.292684
5.408271
6.581064
7.939873
9.420027
10.7263
11.38644
11.03993
9.788141
8.155348
6.691393
5.700947
5.258977
5.335108
5.883852
6.868487
8.224211
9.7679
11.10052
11.66173
11.08875
9.590019
7.798791
6.28703
5.321806
4.936952
5.080775
5.705201
6.781871
8.255354
9.936057
11.37971
11.94723
11.23988
9.535982
7.572844
5.965407
4.965407
4.577073
4.729515
5.370942
6.484005
8.03736
9.868323
11.5263
12.28429
11.61355
9.766935
7.585397
5.785122
4.648319
4.16473
4.240647
4.811598
5.867034
7.41279
9.36225
11.34661
12.59674
12.31869
10.51053
8.062175
5.904372
4.455991
3.730074
3.603806
3.978297
4.827743
6.185678
8.075169
10.34314
12.40273
13.21508
12.0765
9.52022
6.784804
4.700308
3.453471
2.914316
2.914641
3.360918
4.253501
5.666478
7.684618
10.23204
12.73411
13.93641
12.78708
9.818778
6.596406
4.15403
2.676549
1.958425
1.758793
1.927809
2.421531
3.289072
4.659394
6.710307
9.537444
12.75985
14.96139
14.29285
10.8434
6.72861
3.539132
1.558545
0.4645468
-0.1260974
-0.4903025
-0.8026717
-1.181469
-1.733204
-2.589726
-3.939501
-6.038879
-9.122816
-12.97593
-16.02275
-15.59196
-11.41051
-6.342329
-2.501871
-0.141896
1.234488
2.152201
2.991455
4.017172
5.434343
7.394126
9.880413
12.41571
13.83736
13.00758
10.23145
7.008016
4.470503
2.893954
2.105849
1.866064
2.016269
2.504377
3.373455
4.746954
6.794326
9.595826
12.7519
14.86016
14.15099
10.75828
6.736118
3.618612
1.683716
0.6235296
0.06968867
-0.2421458
-0.4735036
-0.7250563
-1.076546
-1.618739
-2.482325
-3.866899
-6.053833
-9.311405
-13.40828
-16.55425
-15.78864
-11.0878
-5.729404
-1.81514
0.5525096
1.956072
2.951918
3.929726
5.151251
6.789742
8.888892
11.18819
12.90862
13.00739
11.20474
8.442439
5.898051
4.135964
3.179861
2.86287
3.038965
3.650893
4.730981
6.368373
8.61518
11.25046
13.42398
13.7814
11.78
8.536869
5.547451
3.486764
2.3324
1.838521
1.79333
2.088847
2.718836
3.765054
5.381658
7.739434
10.81179
13.85846
15.0927
13.15878
9.180164
5.328352
2.636189
1.056214
0.2035413
-0.2684098
-0.5908811
-0.9094446
-1.331343
-1.966621
-2.962791
-4.532662
-6.947145
-10.36846
-14.23529
-16.39996
-14.51676
-9.656124
-4.853163
-1.530994
0.4405011
1.616803
2.480401
3.367523
4.518487
6.121993
8.28666
10.86367
13.12162
13.76844
12.0943
8.998362
5.977082
3.81892
2.577049
2.028571
1.960193
2.257107
2.907821
3.990514
5.652746
8.043594
11.07906
13.93431
14.85296
12.73458
8.837533
5.184612
2.667814
1.20931
0.4448869
0.05703647
-0.1585775
-0.3198745
-0.4984521
-0.75144
-1.145654
-1.780196
-2.813083
-4.490232
-7.140771
-10.97348
-15.26499
-17.25904
-14.38688
-8.63835
-3.517004
-0.1746232
1.785467
3.026177
4.056621
5.207197
6.676217
8.523105
10.55807
12.19099
12.57566
11.3292
9.045111
6.72468
4.9977
4.008496
3.667323
3.859135
4.529618
5.692176
7.381016
9.526206
11.72161
13.06452
12.62676
10.48048
7.728112
5.40121
3.88628
3.13237
2.972037
3.285051
4.042094
5.294828
7.127603
9.524563
12.07983
13.71975
13.2296
10.67065
7.450451
4.804066
3.110008
2.235199
1.940294
2.055914
2.518571
3.361946
4.701533
6.700882
9.444019
12.56598
14.73651
14.19636
10.94968
6.966582
3.822411
1.851371
0.7707338
0.2179634
-0.07034705
-0.2525272
-0.4204469
-0.6366469
-0.9622111
-1.479854
-2.318599
-3.682965
-5.871555
-9.193883
-13.4783
-16.89026
-16.17221
-11.1973
-5.537354
-1.441059
1.024181
2.495669
3.561707
4.623413
5.933352
7.622025
9.635328
11.57528
12.64433
12.12329
10.16521
7.720875
5.658931
4.323636
3.69466
3.647222
4.092528
5.015408
6.453063
8.413872
10.69396
12.6245
13.15142
11.73242
9.079614
6.419397
4.471137
3.349371
2.906552
2.983428
3.501989
4.476383
5.987354
8.106388
10.69659
13.06182
13.88907
12.34094
9.23254
6.115178
3.85502
2.534671
1.927611
1.806923
