0.5154033
0.6015219
0.6815619
0.751521
0.8094961
0.8551558
0.8891127
0.9124459
0.9264041
0.9322457
0.9311599
0.9242347
0.9124474
0.8966668
0.8776596
0.8560992
0.8325755
0.8076049
0.7816381
0.7550644
0.7282121
0.7013468
0.674677
0.6483688
0.6225676
0.5974169
0.5730683
0.5496825
0.5274239
0.5064462
0.4868683
0.4687389
0.4520061
0.4365191
0.4220846
0.4085597
0.3959344
0.3843784
0.3742711
0.3662384
0.3612093
0.3604769
0.3657285
0.378972
0.4022791
0.4373202
0.4848044
0.5440026
0.6123753
0.6853553
0.7569002
0.8213445
0.8754451
0.9189456
0.9536667
0.9822713
1.007406
1.031263
1.055401
1.080682
1.107288
1.134805
1.162368
1.188862
1.213134
1.234163
1.251174
1.263682
1.271468
1.274541
1.273077
1.267369
1.257793
1.244772
1.228759
1.210221
1.189625
1.167419
1.144018
1.119784
1.095011
1.069935
1.044751
1.019653
0.9948643
0.9706805
0.9475145
0.9259473
0.9067853
0.8911093
0.8802898
0.8759317
0.8797178
0.8931395
0.9170764
0.9510789
0.9922878
1.034839
1.071531
1.097212
1.110357
1.111909
1.103526
1.086626
1.062178
1.030888
0.9934858
0.9509456
0.9045448
0.8557567
0.8060639
0.7567923
0.709021
0.6635669
0.6210178
0.5817857
0.5461628
0.5143716
0.4866064
0.4630659
0.4439794
0.4296233
0.4203293
0.4164802
0.4184919
0.4267796
0.4417096
0.4635359
0.4923253
0.5278752
0.5696397
0.6166904
0.6677347
0.7212089
0.7754323
0.8287881
0.8798714
0.9275394
0.9708011
1.008491
1.038741
1.058521
1.064117
1.053413
1.028317
0.994048
0.9563264
0.9197251
0.8876024
0.8625845
0.847
0.8430475
0.8525263
0.8760107
0.9117619
0.9553457
1.000776
1.04253
1.076924
1.102285
1.118412
1.125964
1.126015
1.11979
1.108542
1.093489
1.075793
1.056568
1.036881
1.017771
1.000251
0.9853201
0.9739571
0.9671046
0.9656416
0.9703345
0.9817604
1.000184
1.025353
1.056182
1.090317
1.123834
1.151539
1.168281
1.170791
1.158796
1.134825
1.1033
1.069713
1.040004
1.019742
1.012827
1.020184
1.039489
1.066441
1.096665
1.12695
1.155431
1.181005
1.202307
1.216587
1.219548
1.207412
1.179843
1.140261
1.09362
1.044453
0.9962114
0.9513585
0.9116479
0.878354
0.852408
0.8344388
0.8247422
0.8232104
0.8292659
0.8418498
0.8594877
0.8804206
0.9027491
0.9245271
0.9437751
0.9584258
0.966292
0.9652116
0.9535292
0.9308585
0.8986577
0.8600479
0.8189437
0.7792002
0.744265
0.7172096
0.7006885
0.6964084
0.704108
0.720844
0.7415145
0.7603364
0.7723097
0.7743244
0.7656842
0.7476909
0.7226206
0.6928538
0.6605176
0.62755
0.5959575
0.5680591
0.546618
0.5348571
0.5362132
0.5534999
0.5874877
0.6358512
0.6937046
0.7555017
0.8167789
0.8748026
0.9283348
0.9770694
1.021075
1.060363
1.094635
1.123223
1.145287
1.160193
1.167962
1.169581
1.167101
1.163488
1.162242
1.166622
1.178438
1.196911
1.218822
1.24021
1.258208
1.271769
1.281437
1.288746
1.29554
1.303267
1.312464
1.322725
1.333185
1.34308
1.351878
1.358987
1.36354
1.36453
1.361123
1.352889
1.339913
1.322813
1.302741
1.28138
1.260931
1.244005
1.233296
1.230947
1.237702
1.252077
1.269837
1.284435
1.288993
1.278914
1.253232
1.214002
1.164826
1.109605
1.051851
0.9944301
0.939525
0.8886703
0.8427682
0.8020286
0.7658608
0.7328632
0.7011423
0.6690312
0.6357952
0.6017386
0.5677338
0.5346905
0.5032713
0.4738145
0.4463595
0.4207295
0.3966576
0.3739136
0.3523699
0.3319912
0.3127886
0.2947963
0.2780778
0.262738
0.2489261
0.2368313
0.2266788
0.2187252
0.213242
0.2104673
0.210502
0.2131429
0.2177041
0.2229686
0.2274286
0.2298006
0.2295509
0.2270964
0.2236044
0.2206707
0.2201903
0.2244975
0.2366328
0.2604098
0.2997159
0.3566116
0.4291404
0.5112394
0.5954204
0.6756743
0.7484992
0.8123926
0.8669329
0.9120964
0.9479783
0.9748113
0.9930583
1.003425
1.006786
1.004087
0.9962503
0.9841158
0.9684077
0.9497367
0.9286222
0.9055197
0.8808401
0.8549595
0.8282274
0.8009755
0.7735281
0.7462104
0.719356
0.6933123
0.6684445
0.6451328
0.6237567
0.6046552
0.5880569
0.5739902
0.5622177
0.5522477
0.5434502
0.5352365
0.5272242
0.519331
0.5118118
0.5052927
0.5008418
0.500075
0.5052069
0.5188591
0.5434664
0.5804452
0.6295815
0.688775
0.7538811
0.8188346
0.8768431
0.9226344
0.9542011
0.9727553
0.9814005
0.983766
0.9832079
0.9825095
0.9838357
0.9887682
0.9983384
1.013036
1.032801
1.057027
1.084617
1.114109
1.143865
1.172285
1.197985
1.219917
1.237412
1.250165
1.258188
1.261741
1.261273
1.25736
1.250649
1.241803
1.231435
1.220052
1.208019
1.195556
1.182771
1.169714
1.156446
1.143103
1.129961
1.11752
1.106588
1.098354
1.094367
1.096362
1.105874
1.123612
1.148417
1.176013
1.199303
1.212199
1.213572
1.206547
1.195327
1.183174
1.171893
1.161991
1.153004
1.143809
1.13287
1.118451
1.098852
1.07274
1.039517
0.9995396
0.9540548
0.9048519
0.8538374
0.8027176
0.7528532
0.7052444
0.6605842
0.6193305
0.5817718
0.5480781
0.5183355
0.4925677
0.4707492
0.4528154
0.4386753
0.428227
0.4213743
0.4180379
0.4181553
0.4216648
0.4284674
0.4383603
0.4509363
0.465454
0.4807094
0.4949771
0.506118
0.5119457
0.5108984
0.5028433
0.4894203
0.4733845
0.4574448
0.4435526
0.4327864
0.4254957
0.4215161
0.4204182
0.4217602
0.4253094
0.4312108
0.4401164
0.453289
0.4726578
0.5006998
0.5398783
0.591402
0.653695
0.7219537
0.7897424
0.8514393
0.903614
0.9449736
0.9756713
0.9966406
1.009155
1.014583
1.014267
1.009467
1.001335
0.9909087
0.979114
0.9667722
0.9546104
0.9432736
0.9333344
0.9252965
0.9195885
0.9165431
0.9163555
0.9190214
0.9242616
0.9314581
0.9396388
0.9475592
0.9539136
0.9576469
0.9582208
0.9556782
0.9505119
0.9434632
0.935343
0.9269047
0.9187718
0.9114226
0.9052208
0.9004821
0.8975613
0.8969541
0.8994041
0.9059942
0.9181596
0.9374882
0.965114
1.000585
1.040522
1.078422
1.107164
1.122775
1.125656
1.11894
1.106467
1.091674
1.077254
1.065157
1.056674
1.052529
1.052953
1.057761
1.066444
1.078266
1.092362
1.107832
1.123805
1.139476
1.154116
1.167065
1.177742
1.185674
1.190585
1.192513
1.191909
1.189631
1.186792
1.18452
1.183738
1.185024
1.188589
1.194319
1.201878
1.210807
1.220608
1.230795
1.240904
1.250471
1.25897
1.265709
1.269643
1.269107
1.261561
1.243812
1.213414
1.170875
1.120221
1.066947
1.015814
0.9700945
0.931693
0.9013778
0.8789548
0.8634267
0.8532072
0.8463828
0.8409751
0.8351616
0.8274421
0.8167502
0.8025077
0.7846132
0.7633707
0.7393762
0.7133955
0.6862603
0.6587941
0.6317675
0.6058697
0.5816829
0.5596473
0.5400167
0.5228172
0.5078332
0.4946381
0.4826692
0.4713298
0.4600866
0.4485402
0.4364538
0.4237457
0.4104599
0.3967298
0.3827466
0.3687399
0.3549745
0.3417693
0.3295498
0.3189569
0.3110399
0.3075432
0.3111846
0.3255931
0.354392
0.3993147
0.4585796
0.5273307
0.5999005
0.6717906
0.7402673
0.8040332
0.8626925
0.916344
0.9653356
1.010111
1.051077
1.088482
1.122317
1.1523
1.17796
1.198786
1.214387
1.2246
1.229522
1.229491
1.225035
1.216803
1.205504
1.191843
1.176459
1.159886
1.142519
1.124608
1.106271
1.087529
1.068336
1.048622
1.028319
1.007381
0.9858004
0.9636081
0.9408797
0.9177385
0.8943647
0.8710192
0.8480916
0.8261902
0.8062788
0.7898326
0.7788997
0.7758899
0.7830116
0.8015899
0.8316324
0.8716723
0.9186039
0.9674729
1.011762
1.044773
1.0617
1.060963
1.04396
1.013839
0.9742718
0.9287117
0.8800637
0.8306138
0.782079
0.7357062
0.6923829
0.6527379
0.6172233
0.5861746
0.5598511
0.5384592
0.5221626
0.5110874
0.5053251
0.5049397
0.509977
0.5204741
0.5364613
0.557951
0.5849082
0.6172037
0.6545545
0.6964649
0.7421838
0.7906988
0.8407773
0.8910572
0.9401718
0.9868891
1.030247
1.06967
1.105057
1.136788
1.165562
1.191985
1.215848
1.235232
1.246028
1.243211
1.224365
1.192238
1.153314
1.114817
1.083102
1.063255
1.058589
1.069572
1.093052
1.123135
1.153535
1.179589
1.198826
1.210534
1.215086
1.213419
1.206714
1.196225
1.18319
1.168792
1.154142
1.140265
1.128103
1.118514
1.112273
1.11007
1.112497
1.12
1.132798
1.150713
1.172879
1.197322
1.220559
1.237669
1.243387
1.234058
1.20906
1.170564
1.122133
1.067357
1.00916
0.9496766
0.8904538
0.8327714
0.7779517
0.7275831
0.6836169
0.6483153
0.6239505
0.6120543
0.6122855
0.6216435
0.6348543
0.6458469
0.6496493
0.6439934
0.6296184
0.6090596
0.5851599
0.5602835
0.5361707
0.5140529
0.4948032
0.4790449
0.4672092
0.4595475
0.4561112
0.4567148
0.4608993
0.4679155
0.476737
0.4861083
0.4946274
0.5008595
0.5034905
0.5015191
0.4944721
0.4825785
0.4668153
0.448778
0.430447
0.414017
0.4019254
0.3970719
0.4030465
0.4239435
0.4631324
0.520863
0.5923938
0.6692026
0.7427561
0.8074265
0.8609872
0.9037401
0.937506
0.9648648
0.988539
1.010793
1.032933
1.055107
1.076495
1.095769
1.111582
1.122918
1.129255
1.130569
1.127229
1.119875
1.109308
1.096413
1.082102
1.067273
1.052771
1.039354
1.027649
1.01811
1.010981
1.006267
1.00372
1.002846
1.002936
1.003128
1.002495
1.000165
0.9954551
0.9879834
0.977744
0.9651282
0.9509278
0.93636
0.923137
0.9135432
0.9103858
0.916586
0.934276
0.9636087
1.001759
1.04288
1.079945
1.107738
1.124329
1.130229
1.126785
1.115172
1.09618
1.070495
1.039081
1.003347
0.9650382
0.925991
0.8879162
0.8522826
0.8202919
0.7928961
0.7708209
0.7545693
0.7444015
0.7402994
0.7419358
0.748671
0.7595938
0.7736068
0.7895399
0.8062686
0.8228199
0.8384577
0.8527471
0.8655955
0.8772631
0.8883332
0.8996339
0.9121112
0.9266651
0.9439711
0.9643171
0.9874903
1.012749
1.038883
1.064315
1.087098
1.104685
1.113627
1.110036
1.091637
1.059914
1.019483
0.975542
0.9322732
0.8926795
0.8590168
0.833252
0.8173353
0.8131607
0.8221133
0.84429
0.8778634
0.9192329
0.9640577
1.008499
1.049948
1.087118
1.119757
1.148276
1.173426
1.196048
1.216891
1.236493
1.25511
1.272716
1.289054
1.303743
1.316399
1.326745
1.334649
1.340105
1.343147
1.343738
1.341659
1.336418
1.327213
1.312978
1.292574
1.265123
1.230404
1.189097
1.142776
1.093719
1.044773
0.9993784
0.9616185
0.9359089
0.9259637
0.9331819
0.9555265
0.9881688
1.025586
1.063435
1.099215
1.131979
1.161578
1.187676
1.208708
1.221325
1.221329
1.205993
1.175716
1.133472
1.083117
1.028122
0.9711045
0.9138586
0.8575388
0.8028642
0.7502807
0.7000758
0.6524479
0.6075406
0.5654544
0.5262484
0.4899389
0.4565039
0.4258917
0.3980368
0.3728812
0.350403
0.3306541
0.3138116
0.3002516
0.2906535
0.2861377
0.2884169
0.2998633
0.3232472
0.360797
0.4126005
0.4754668
0.5437028
0.6112458
0.6729599
0.7244324
0.7617466
0.7824416
0.786664
0.7769056
0.7566431
0.7291883
0.6972686
0.6631308
0.6288336
0.5965041
0.5685046
0.5475899
0.537085
0.5408393
0.5624237
0.6032168
0.6603385
0.7267146
0.7938961
0.8551327
0.9065428
0.9466679
0.9755671
0.994081
1.003381
1.004726
0.9993468
0.988392
0.9729081
0.9538382
0.9320316
0.9082598
0.8832414
0.8576769
0.8322963
0.8079256
0.785575
0.7665424
0.7524971
0.7454503
0.7474834
0.760203
0.7841539
0.8185004
0.861005
0.9082262
0.956226
1.001889
1.043779
1.081596
1.115095
1.143599
1.166204
1.182191
1.191305
1.193861
1.190741
1.183354
1.173629
1.16403
1.157512
1.157187
1.165468
1.182673
1.205619
1.227661
1.241635
1.243789
1.234845
1.218176
1.197772
1.177194
1.159275
1.146109
1.139082
1.138883
1.145483
1.158155
1.175577
1.196038
1.217714
1.238953
1.258489
1.275584
1.290066
1.302312
1.313128
1.32349
1.334069
1.344518
1.352672
1.354295
1.344411
1.31997
1.281299
1.231166
1.173201
1.110947
1.047461
0.9851772
0.9259209
0.8710062
0.8213469
0.7775265
0.7397936
0.7079605
0.6812252
0.6580261
0.6361552
0.6133446
0.5882103
0.5609192
0.5329555
0.5062698
0.4826153
0.4633198
0.4492452
0.4407267
0.4374713
0.4384991
0.4422195
0.4466721
0.4498831
0.450239
0.4467675
0.4392353
0.42804
0.4139693
0.3979436
0.3808266
0.3633224
0.3459384
0.3289867
0.3126095
0.2968307
0.2816432
0.2671249
0.2535618
0.2415389
0.2319995
0.2263435
0.2266495
0.2359856
0.2584884
0.2984841
0.3580479
0.4342886
0.5195948
0.6052938
0.68504
0.7556573
0.8163385
0.8675659
0.9102883
0.9453955
0.9734512
0.9946802
1.009178
1.017198
1.019325
1.016472
1.009785
1.000524
0.9899581
0.9792492
0.9693348
0.9608219
0.9539207
0.9484421
0.9438665
0.9394706
0.9344798
0.9282059
0.9201388
0.909981
0.8976357
0.8831664
0.8667481
0.8486188
0.8290379
0.8082561
0.7865003
0.7639803
0.7409168
0.7175892
0.6943917
0.6718984
0.6509492
0.632782
0.6191974
0.6126543
0.6160531
0.6320029
0.6618268
0.7049143
0.7585702
0.818068
0.8771478
0.9294524
0.9703757
0.9980679
1.01319
1.018027
1.015592
1.008985
1.000983
0.9938357
0.9891828
0.988034
0.9907872
0.9972953
1.006993
1.019075
1.032684
1.047074
1.061724
1.076381
1.091065
1.106002
1.121538
1.138019
1.155684
1.174575
1.19449
1.214986
1.235421
1.255039
1.273056
1.288742
1.30149
1.310851
1.316567
1.318594
1.317115
1.312577
1.305733
1.297713
1.290068
1.284705
1.283604
1.288231
1.2986
1.312004
1.322419
1.322881
1.310207
1.286609
1.257054
1.226403
1.198191
1.174432
1.155796
1.141896
1.131629
1.123502
1.115913
1.107353
1.096562
1.082635
1.065085
1.043828
1.0191
0.991325
0.9609822
0.9285019
0.8942169
0.858367
0.8211458
0.7827652
0.7435105
0.7037653
0.6639984
0.6247218
0.5864402
0.5496083
0.5146063
0.4817334
0.4512141
0.4232101
0.3978335
0.3751534
0.355192
0.3379035
0.3231274
0.3105274
0.2995454
0.2894376
0.279447
0.2690975
0.2584713
0.2482601
0.239541
0.2334838
0.2311495
0.2333307
0.2403701
0.2520262
0.2675038
0.2856843
0.3054514
0.3259725
0.3468586
0.3682068
0.3905651
0.4148552
0.4422635
0.4740927
0.5115559
0.5555042
0.6061214
0.6626723
0.7234233
0.7858145
0.846862
0.9036583
0.9538072
0.9956741
1.02843
1.05194
1.066583
1.073065
1.072277
1.065183
1.052758
1.035947
1.015644
0.9926842
0.9678322
0.9417819
0.9151438
0.8884255
0.8620036
0.8360948
0.8107488
0.7858857
0.7613884
0.7372213
0.7135222
0.690633
0.6690788
0.6495158
0.6326523
0.6191446
0.60949
0.6039543
0.6025598
0.6051355
0.6114053
0.6210875
0.6339856
0.650059
0.6694694
0.692596
0.7200113
0.7523961
0.790362
0.834114
0.8828596
0.9339359
0.9821227
1.020447
1.043182
1.048753
1.039719
1.020607
0.996015
0.9697973
0.9449681
0.9238561
0.9082724
0.8996061
0.8988289
0.9064216
0.9222665
0.945575
0.9749236
1.00843
1.044032
1.079771
1.113991
1.145426
1.173175
1.19666
1.215569
1.229835
1.239622
1.245311
1.247475
1.24684
1.24423
1.240505
1.236492
1.23294
1.230484
1.229638
1.230799
1.234269
1.240269
1.248932
1.260256
1.273955
1.289141
1.30376
1.313951
1.314228
1.299939
1.271067
1.232867
1.192656
1.156821
1.129761
1.113727
1.108893
1.113693
1.125504
1.141456
1.158993
1.176026
1.190751
1.201312
1.205528
1.200983
1.185595
1.158468
1.120379
1.073521
1.020744
0.964833
0.9081113
0.852337
0.7987545
0.7481992
0.701199
0.6580537
0.6188908
0.583699
0.5523471
0.5245958
0.5001071
0.4784585
0.4591634
0.441697
0.4255264
0.4101415
0.3950864
0.3799901
0.3646017
0.3488326
0.3328095
0.3169381
0.3019679
0.2890365
0.2796558
0.2755761
0.27842
0.2890128
0.3066611
0.328967
0.352489
0.3738459
0.3906077
0.4016414
0.4069612
0.4073391
0.4039333
0.3980678
0.3911746
0.3848585
0.3810469
0.3821964
0.391485
0.412751
0.449667
0.5037542
0.5722088
0.648014
0.7229694
0.7908249
0.8482889
0.8944203
0.9296642
0.9551257
0.9721433
0.9820665
0.9861454
0.98548
0.9809992
0.9734571
0.96344
0.9513814
0.9375819
0.9222347
0.9054541
0.8873097
0.8678655
0.8472268
0.8255956
0.8033306
0.7810067
0.759456
0.7397619
0.7231563
0.7107874
0.7034095
0.7011414
0.7034234
0.7091784
0.7170818
0.7258255
0.7343017
0.7416936
0.7474987
0.7515232
0.7538769
0.7549898
0.7556603
0.7571386
0.7612227
0.770273
0.7869554
0.8135278
0.8507494
0.8967887
0.9467181
0.993607
1.031412
1.057439
1.072387
1.078837
1.079829
1.078106
1.075873
1.074773
1.075955
1.080154
1.087761
1.09888
1.113368
1.13087
1.150835
1.172542
1.195126
1.217624
1.239054
1.258521
1.275331
1.289099
1.299821
1.307866
1.313889
1.318685
1.32301
1.327445
1.332325
1.337748
1.343629
1.34978
1.355982
1.362034
1.367777
1.373113
1.378004
1.382501
1.386754
1.391019
1.395539
1.400168
1.403567
1.402228
1.39074
1.364982
1.325697
1.277714
1.22654
1.176334
1.129594
1.087463
1.050089
1.016921
0.986957
0.9589502
0.931595
0.9036838
0.874241
0.8426277
0.8085997
0.772306
0.7342241
0.6950483
0.6555637
0.6165344
0.5786254
0.5423615
0.5081136
0.4761036
0.4464181
0.4190283
0.3938159
0.3706032
0.3491864
0.3293637
0.310956
0.2938163
0.27783
0.2629098
0.2489884
0.236011
0.2239295
0.2126972
0.2022628
0.1925662
0.1835366
0.1751039
0.1672388
0.1600341
0.1538199
0.1492649
0.1474261
0.1497527
0.1580365
0.1742131
0.1999397
0.2360655
0.2823031
0.337331
0.3992432
0.466036
0.5358901
0.6071922
0.67838
0.7477516
0.8133892
0.8732864
0.9256394
0.9691478
1.003172
1.027706
1.043233
1.050551
1.050615
1.044433
1.032991
1.017209
0.9979186
0.9758476
0.9516214
0.9257677
0.8987283
0.8708715
0.8425058
0.8138912
0.785248
0.7567642
0.7285999
0.7008912
0.673752
0.6472749
0.6215313
0.596572
0.5724322
0.5491473
0.5267857
0.5055005
0.4855911
0.4675637
0.452184
0.4405029
0.433824
0.4335793
0.441129
0.4575537
0.4835183
0.5192356
0.5644829
0.6185593
0.6800213
0.7460593
0.8117301
0.8701003
0.9144851
0.9416002
0.9525607
0.9512501
0.9422407
0.9296379
0.9167601
0.9061931
0.8999233
0.8994283
0.9056954
0.9191781
0.939729
0.9665627
0.998301
1.033125
1.069011
1.103991
1.136368
1.164842
1.188544
1.207005
1.220085
1.227887
1.23068
1.22884
1.222796
1.212999
1.199905
1.18397
1.165662
1.145492
1.124045
1.102026
1.080299
1.05991
1.042072
1.028122
1.019432
1.017315
1.022908
1.03701
1.059711
1.089593
1.122496
1.151469
1.17045
1.178751
1.18037
1.180221
1.181784
1.186624
1.194765
1.205304
1.21695
1.228335
1.238061
1.244566
1.245937
1.239909
1.224242
1.197498
1.159752
1.112701
1.05906
1.001759
0.9433705
0.8858892
0.8307487
0.7789339
0.7311086
0.6877272
0.6491214
0.6155648
0.5873214
0.564677
0.5479544
0.5375053
0.5336688
0.5366847
0.5465608
0.5629112
0.5848164
0.6107685
0.6387272
0.6662531
0.690646
0.70908
0.718865
0.7180695
0.7065189
0.6864323
0.6616476
0.6358553
0.6114107
0.589192
0.5689914
0.5500432
0.5315105
0.5128048
0.4936983
0.4742839
0.454883
0.4359777
0.4182017
0.4023977
0.3897418
0.3819358
0.3814488
0.3916796
0.416641
0.459516
0.5201021
0.5932088
0.6704254
0.7438951
0.808641
0.8625983
0.9056561
0.9387533
0.9633061
0.9809057
0.9931756
1.00171
1.008048
1.013651
1.01987
1.027885
1.038625
1.052657
1.0701
1.090563
1.113184
1.136767
1.160001
1.181633
1.200502
1.215527
1.22588
1.231245
1.231862
1.228324
1.221309
1.211389
1.198955
1.184241
1.167383
1.148498
1.127734
1.105303
1.081506
1.056753
1.031604
1.006832
0.9835245
0.9632158
0.9480053
0.9405118
0.9434267
0.9585751
0.985777
1.021973
1.061224
1.096449
1.122345
1.137081
1.141714
1.138638
1.130375
1.118981
1.10585
1.091713
1.076697
1.060431
1.042175
1.020996
0.9959934
0.9665612
0.9326004
0.8946024
0.8535458
0.8106706
0.7672559
0.7244853
0.6833849
0.6447914
0.609341
0.5774886
0.5495512
0.5257625
0.5063288
0.4914792
0.4815047
0.4767806
0.4777676
0.4849852
0.4989458
0.5200415
0.5483832
0.5836139
0.6247538
0.6701476
0.7175587
0.7643529
0.8076166
0.8440627
0.8699196
0.8815788
0.8775154
0.8598471
0.8333298
0.8029769
0.7726718
0.7450045
0.7215581
0.703209
0.6903563
0.6831102
0.6814687
0.6854886
0.6954301
0.7118348
0.7354684
0.7670346
0.8066137
0.8529883
0.9033319
0.953706
1.00018
1.039831
1.071112
1.093684
1.10803
1.115095
1.116035
1.112071
1.10441
1.094218
1.082612
1.070674
1.059466
1.050043
1.043454
1.040733
1.042842
1.050589
1.064468
1.084433
1.109616
1.138068
1.166834
1.192679
1.213505
1.229601
1.243415
1.257636
1.273234
1.289213
1.303788
1.315559
1.323961
1.329166
1.331816
1.332775
1.332965
1.333275
1.334517
1.337398
1.342431
1.349702
1.358351
1.365786
1.367262
1.357187
1.332233
1.293323
1.244461
1.190368
1.135058
1.081494
1.031726
0.9871325
0.9485973
0.9166197
0.8913565
0.8726235
0.8598791
0.8522138
0.8483607
0.846732
0.8454801
0.8425885
0.8360216
0.8239857
0.8053181
0.7798877
0.7487368
0.7137652
0.6770872
0.6404131
0.604716
0.5702718
0.5370022
0.5048589
0.4739812
0.4446319
0.4170769
0.3915087
0.3680212
0.3466121
0.3271946
0.3096099
0.2936408
0.2790263
0.2654825
0.2527369
0.2405853
0.2289766
0.2181109
0.2085164
0.2010917
0.1971573
0.1985607
0.2077697
0.2277226
0.261139
0.3092779
0.3708501
0.4421155
0.5182399
0.59484
0.6687985
0.7383094
0.8025521
0.8613234
0.9147718
0.9632571
1.007295
1.047511
1.084507
1.118604
1.149542
1.176401
1.197921
1.213047
1.221295
1.222759
1.2179
1.207323
1.191662
1.171556
1.147654
1.120613
1.091081
1.059678
1.026978
0.9934924
0.9596608
0.9258469
0.8923342
0.8593271
0.8269569
0.7952955
0.7643808
0.7342578
0.7050331
0.6769353
0.6503781
0.6260309
0.6049048
0.5884313
0.5784618
0.5770832
0.5862106
0.6070977
0.6400092
0.6841323
0.7375301
0.796901
0.8572528
0.9121125
0.9548842
0.9809108
0.9887502
0.9798353
0.9571944
0.9242965
0.8844414
0.8405534
0.795118
0.7501486
0.707194
0.6674101
0.6316746
0.6007121
0.5752069
0.5558905
0.5435958
0.5392642
0.5438882
0.5583625
0.5832384
0.6184176
0.6628977
0.714709
0.7711315
0.8291287
0.8858253
0.9388563
0.9865202
1.027769
1.062111
1.089492
1.110199
1.124794
1.134081
1.139113
1.141213
1.141988
1.143288
1.147064
1.155122
1.168734
1.188027
1.210971
1.232425
1.245276
1.245028
1.233367
1.216433
1.201127
1.192897
1.194695
1.206364
1.22479
1.245272
1.263416
1.276344
1.282838
1.282914
1.277328
1.267228
1.25396
1.238977
1.223801
1.210012
1.199217
1.192985
1.192694
1.199268
1.212709
1.231413
1.25145
1.266626
1.270353
1.258667
1.231742
1.192802
1.146081
1.095455
1.043944
0.9937041
0.9461629
0.9021458
0.8619442
0.8253329
0.7915849
0.7595493
0.7278582
0.6952884
0.6612293
0.6260694
0.5912079
0.5585739
0.5299567
0.5064883
0.4882882
0.4742736
0.462369
0.4502705
0.4364085
0.420426
0.4029234
0.3848923
0.3673065
0.3509678
0.3364985
0.3243758
0.314959
0.3084862
0.3050371
0.3044641
0.3063102
0.3097517
0.3136159
0.3165278
0.3172003
0.3148177
0.3093607
0.3016883
0.2933298
0.2861902
0.2824264
0.2845369
0.2954795
0.3184881
0.3562583
0.4095556
0.4761422
0.5511738
0.6289487
0.7046248
0.7749333
0.8380147
0.8929194
0.9391596
0.9764712
1.004804
1.024446
1.036137
1.041033
1.040557
1.036178
1.02917
1.0204
1.010225
0.9985874
0.985238
0.9699766
0.9527782
0.9338122
0.9134033
0.8919824
0.8700447
0.8481189
0.8267417
0.806431
0.787652
0.770772
0.7560048
0.7433555
0.7325843
0.7232146
0.7146054
0.706087
0.6971279
0.6874734
0.6772213
0.6668441
0.6572075
0.6496097
0.6458196
0.6480243
0.6585686
0.6794523
0.711745
0.7551173
0.8074397
0.8643451
0.9192716
0.9649972
0.996398
1.012257
1.014772
1.007806
0.9953758
0.9808841
0.9668902
0.9551363
0.946673
0.9420393
0.9414769
0.9451266
0.9531375
0.965655
0.982718
1.004129
1.02936
1.057534
1.087503
1.11799
1.147764
1.175797
1.201357
1.224034
1.243709
1.260483
1.274591
1.286311
1.295899
1.303536
1.309325
1.3133
1.315476
1.315898
1.314713
1.312234
1.309013
1.305896
1.304026
1.304729
1.309189
1.317816
1.329197
1.338955
1.34036
1.328534
1.304462
1.273613
1.24207
1.214364
1.193044
1.178899
1.171406
1.169238
1.170746
1.174289
1.178371
1.181639
1.182793
1.180487
1.173286
1.159742
1.138631
1.109308
1.071989
1.027791
0.9784667
0.925996
0.8722263
0.8186722
0.7664603
0.716361
0.6688572
0.6242172
0.5825596
0.543905
0.508215
0.4754198
0.4454353
0.4181718
0.3935348
0.3714188
0.3516919
0.3341706
0.3185892
0.3045739
0.29165
0.2793146
0.2671912
0.2552327
0.2438662
0.233956
0.2265911
0.2228277
0.2234323
0.2286126
0.2378393
0.2499168
0.2633177
0.2765991
0.2886984
0.2990366
0.3074803
0.3142491
0.3198332
0.3249565
0.330595
0.3380533
0.3490924
0.3660674
0.391941
0.4298693
0.4819782
0.5475111
0.6218229
0.6977735
0.768607
0.8298824
0.8796408
0.9176656
0.9446958
0.9618933
0.9705468
0.9719268
0.9672221
0.957517
0.9437867
0.9269003
0.9076248
0.886626
0.8644657
0.8415924
0.8183317
0.7948838
0.7713419
0.7477447
0.724158
0.7007635
0.6779134
0.656135
0.6360854
0.6184602
0.6038655
0.592687
0.5850109
0.5806256
0.5790953
0.579865
0.5823628
0.586078
0.5906149
0.5957292
0.601359
0.607661
0.6150625
0.6243353
0.6366801
0.6537733
0.6776566
0.7103045
0.7527919
0.8042115
0.8607661
0.9160404
0.9633922
0.9990143
1.022891
1.037524
1.046276
1.052351
1.058382
1.066323
1.077432
1.092295
1.11086
1.132529
1.156298
1.180944
1.205209
1.227954
1.248243
1.265372
1.278861
1.288437
1.294032
1.295778
1.294002
1.289214
1.282067
1.273294
1.263644
1.253804
1.244351
1.23572
1.228202
1.221959
1.217054
1.21348
1.211201
1.21019
1.210465
1.212139
1.215467
1.220885
1.229007
1.240467
1.255445
1.272646
1.288001
1.294932
1.28823
1.267963
1.238305
1.204015
1.168528
1.133662
1.099915
1.06687
1.03358
0.9989296
0.9619731
0.9221983
0.8796544
0.8349076
0.7888612
0.742535
0.6968884
0.6527238
0.610659
0.5711417
0.5344813
0.5008817
0.4704687
0.4433085
0.4194164
0.3987573
0.3812416
0.3667197
0.3549795
0.3457502
0.3387142
0.333523
0.3298166
0.3272415
0.3254633
0.3241733
0.3230868
0.3219334
0.3204402
0.3183117
0.3152153
0.3107934
0.304734
0.296929
0.2876935
0.277914
0.2689609
0.2624114
0.2598198
0.2626093
0.2719958
0.2889103
0.3139716
0.3475538
0.3898934
0.441099
0.5009064
0.5681541
0.6402594
0.7132409
0.7825702
0.8443745
0.8962051
0.9370939
0.9671803
0.987267
0.9984818
1.002067
0.9992643
0.9912577
0.9791457
0.9639303
0.9465114
0.9276826
0.9081295
0.888427
0.86904
0.8503255
0.8325393
0.8158445
0.8003229
0.7859873
0.7727924
0.7606449
0.7494087
0.7389071
0.7289209
0.7191858
0.7093967
0.6992327
0.6884165
0.676806
0.6644871
0.651821
0.6394352
0.6281831
0.6190909
0.6132948
0.6119724
0.6162836
0.6273346
0.6461568
0.6736572
0.7104553
0.7564776
0.8101831
0.8675824
0.922125
0.966879
0.9978806
1.015378
1.022414
1.022895
1.020447
1.018021
1.017831
1.021399
1.029594
1.042669
1.06032
1.081788
1.106014
1.131814
1.158043
1.183713
1.208059
1.230547
1.250856
1.268834
1.284459
1.297791
1.308941
1.318038
1.325207
1.33055
1.334129
1.335962
1.336031
1.334308
1.330796
1.325579
1.318869
1.311035
1.302618
1.294331
1.287037
1.281706
1.279359
1.280956
1.287172
1.297889
1.311239
1.322491
1.324831
1.313733
1.29049
1.260198
1.228027
1.197488
1.170293
1.146708
1.125967
1.106647
1.086991
1.065198
1.039704
1.009457
0.9741099
0.9340495
0.8902355
0.8439283
0.7964254
0.7488815
0.7022242
0.6571421
0.6141104
0.5734307
0.5352727
0.4997091
0.4667452
0.4363418
0.4084334
0.3829425
0.3597904
0.3389049
0.3202248
0.3036992
0.2892825
0.2769247
0.2665542
0.2580557
0.2512424
0.2458297
0.2414183
0.2375012
0.2335131
0.2289368
0.2234731
0.2172361
0.2108677
0.2054465
0.2022317
0.2024162
0.2069493
0.2163874
0.2308087
0.2498734
0.2730462
0.2998977
0.3303793
0.3649981
0.404845
0.4513968
0.5059677
0.5687874
0.6380733
0.709896
0.7792671
0.8417518
0.8944857
0.9362625
0.9670964
0.9877163
0.9991897
1.002695
0.9994005
0.990405
0.9767143
0.9592347
0.9387758
0.916058
0.8917211
0.866334
0.8404024
0.8143753
0.7886478
0.7635604
0.7393936
0.7163574
0.6945777
0.6740828
0.6547955
0.6365403
0.6190759
0.6021603
0.5856417
0.5695464
0.5541234
0.5398354
0.5273091
0.5172604
0.5104014
0.5073525
0.5085891
0.5144434
0.5251641
0.541013
0.5623736
0.5898345
0.6241861
0.6662377
0.7163288
0.773431
0.8340231
0.8918019
0.9397555
0.9736678
0.9936215
1.002662
1.004798
1.003805
1.002794
1.004156
1.009589
1.020117
1.036082
1.057144
1.082343
1.110255
1.139217
1.16758
1.193921
1.217169
1.236641
1.252012
1.263245
1.270505
1.274078
1.274299
1.271507
1.266006
1.258066
1.247936
1.235881
1.222214
1.207332
1.191727
1.175988
1.160778
1.146805
1.134787
1.125426
1.119394
1.117342
1.119909
1.127715
1.141255
1.160564
1.184386
1.208891
1.2274
1.233815
1.227257
1.211676
1.1921
1.172275
1.154177
1.138272
1.123916
1.109734
1.093939
1.074634
1.050153
1.019453
0.9824015
0.9398157
0.8931915
0.8442857
0.794759
0.7459791
0.6989694
0.6544415
0.6128604
0.5745105
0.5395536
0.5080744
0.4801163
0.4557089
0.4348877
0.4177056
0.4042349
0.3945563
0.3887346
0.3867777
0.3885838
0.3938844
0.4021959
0.4127938
0.4247166
0.4367984
0.4477267
0.4561247
0.460676
0.4603294
0.4546119
0.4439926
0.4300453
0.4151035
0.4015346
0.3911787
0.3851589
0.3838976
0.3872348
0.3946534
0.4055795
0.4196842
0.4371265
0.4587109
0.4859314
0.5207982
0.5652413
0.6199654
0.6831916
0.7504342
0.8159551
0.8748258
0.9240635
0.9625737
0.9905517
1.008895
1.01881
1.021587
1.018491
1.010716
0.9993667
0.9854616
0.9699375
0.9536593
0.9374254
0.9219667
0.9079376
0.8958973
0.8862825
0.8793751
0.8752711
0.8738557
0.8747893
0.8775084
0.8812456
0.8850773
0.8880133
0.8891442
0.8878311
0.8838692
0.8775308
0.8694726
0.8605781
0.8517983
0.8440211
0.8379838
0.834245
0.8332174
0.8352504
0.8407421
0.8502609
0.864639
0.8849684
0.912361
0.9472765
0.988323
1.031042
1.068359
1.093843
1.105102
1.103921
1.094135
1.079779
1.064272
1.050246
1.039611
1.033638
1.03302
1.037922
1.048021
1.062599
1.080663
1.101095
1.122799
1.14481
1.166348
1.186826
1.205829
1.223072
1.238378
1.251676
1.26302
1.27263
1.280904
1.288381
1.295635
1.303136
1.311139
1.319658
1.328516
1.337439
1.346148
1.354411
1.36206
1.368957
1.374949
1.379769
1.382907
1.38337
1.379343
1.367901
1.34541
1.309447
1.261301
1.205953
1.149403
1.096504
1.050426
1.012841
0.9841469
0.9636637
0.9498554
0.9406269
0.9336379
0.9265784
0.9173943
0.9044782
0.8868232
0.8640994
0.8366085
0.8051227
0.7706684
0.7343287
0.6971066
0.659855
0.6232564
0.5878292
0.5539441
0.5218399
0.4916374
0.463351
0.4369065
0.4121682
0.3889726
0.3671621
0.3466074
0.327216
0.3089282
0.2917062
0.2755243
0.2603615
0.2461998
0.2330275
0.2208487
0.2097033
0.1997054
0.1911149
0.1844646
0.1807535
0.1816693
0.1897005
0.207861
0.2387329
0.2830348
0.3388056
0.4021019
0.4685965
0.5348056
0.5985045
0.6586397
0.7150879
0.7683908
0.81945
0.8691497
0.9179343
0.9654779
1.010629
1.05171
1.087025
1.115298
1.135872
1.148678
1.154087
1.152743
1.14543
1.13297
1.11617
1.095775
1.072453
1.046787
1.019276
0.9903452
0.9603592
0.9296336
0.8984451
0.867038
0.8356292
0.8044111
0.7735548
0.7432143
0.7135322
0.6846508
0.656732
0.6299928
0.6047682
0.5816083
0.5614021
0.5454828
0.5356133
0.5337395
0.5415265
0.5599102
0.588917
0.6277618
0.6750454
0.7288779
0.7868759
0.8460651
0.9027531
0.9524935
0.9904221
1.012319
1.016188
1.003186
0.9769672
0.942095
0.9027669
0.8623037
0.8231659
0.7871627
0.7556757
0.7298338
0.7106296
0.6989763
0.6957036
0.7014885
0.7167219
0.7413304
0.7746041
0.8151075
0.8607464
0.9090058
0.9572924
1.003269
1.045083
1.081459
1.111671
1.135453
1.152888
1.16431
1.170227
1.171291
1.168295
1.162211
1.154241
1.145846
1.138704
1.13458
1.135128
1.141656
1.154849
1.174329
1.197948
1.22103
1.236768
1.239186
1.227073
1.204725
1.179267
1.157802
1.145765
1.145888
1.157608
1.177525
1.201043
1.224134
1.24425
1.260354
1.272542
1.281619
1.288784
1.29538
1.302676
1.311598
1.322331
1.333782
1.343056
1.345524
1.336204
1.312105
1.273638
1.223941
1.167151
1.107092
1.046759
0.9883053
0.9332175
0.8824999
0.8368157
0.7965656
0.7619026
0.7326856
0.7083952
0.6880601
0.6702583
0.6532458
0.6352313
0.6147738
0.5912204
0.5650079
0.5376227
0.5111984
0.4880009
0.4700117
0.4585119
0.4535299
0.4534048
0.4550357
0.4550127
0.4509866
0.4423167
0.4297136
0.4144569
0.397804
0.3807356
0.3639112
0.3477043
0.3322539
0.3175197
0.3033469
0.2895522
0.2760308
0.262867
0.2504188
0.2393627
0.2307343
0.2260359
0.2274479
0.2380545
0.2617563
0.302291
0.3611067
0.4353785
0.5184608
0.6027885
0.6825597
0.7545626
0.8176816
0.8720716
0.9184763
0.9577705
0.9906862
1.017677
1.038897
1.054288
1.063758
1.067397
1.065644
1.059343
1.049689
1.038102
1.026017
1.014599
1.004452
0.995485
0.9870426
0.9782341
0.968259
0.9565882
0.9429896
0.9274701
0.9101945
0.8914123
0.8713991
0.8504146
0.828675
0.8063425
0.7835342
0.7603509
0.7369227
0.7134629
0.6903235
0.6680584
0.6475097
0.6299308
0.6171207
0.6114605
0.6156548
0.6320661
0.661892
0.7046317
0.7578831
0.8172097
0.8763488
0.9284659
0.9682102
0.9931353
1.003632
1.001926
0.991034
0.9740908
0.9540104
0.9333482
0.9142459
0.8983959
0.8869967
0.8806936
0.8795422
0.8830615
0.8904249
0.9007495
0.9133673
0.927964
0.944556
0.9633546
0.9845919
1.008367
1.034537
1.062678
1.092097
1.121908
1.151133
1.178803
1.204045
1.226136
1.244527
1.258865
1.268993
1.274965
1.277057
1.275801
1.272027
1.266923
1.262065
1.259341
1.260671
1.26747
1.279765
1.294939
1.307054
1.309169
1.298262
1.277015
1.251006
1.225692
1.205137
1.19175
1.186325
1.188268
1.196028
1.207654
1.22128
1.235397
1.248878
1.260892
1.270773
1.277941
1.281851
1.281949
1.277615
1.268126
1.252658
1.230392
1.200724
1.163515
1.119279
1.069189
1.014878
0.9581483
0.900703
0.84398
0.7890972
0.736868
0.6878524
0.6424142
0.6007709
0.5630275
0.5291899
0.4991517
0.4726541
0.4492304
0.4281766
0.4086099
0.3896667
0.3708176
0.3521553
0.334434
0.3187963
0.3064094
0.2981898
0.2945718
0.2952882
0.2992879
0.3049374
0.3104697
0.3144562
0.3160713
0.3150902
0.3117198
0.3063996
0.2996531
0.2920057
0.2839519
0.2759514
0.2684437
0.2618784
0.2567661
0.2537553
0.253748
0.2580633
0.2686449
0.2882354
0.320259
0.3679079
0.4321112
0.5094665
0.5925733
0.6731737
0.7451887
0.8055694
0.8535946
0.8898826
0.9156752
0.9324287
0.9416054
0.9445671
0.942512
0.9364303
0.9270738
0.9149554
0.9004005
0.8836543
0.8650171
0.8449438
0.8240712
0.8031797
0.7831115
0.764653
0.7483959
0.7346193
0.7232451
0.7138894
0.7059838
0.6989109
0.6921105
0.6851378
0.6776834
0.6695677
0.660726
0.6511905
0.6410759
0.6305697
0.6199317
0.6095044
0.5997414
0.5912579
0.5849129
0.5819215
0.583971
0.5932423
0.6121531
0.6426812
0.6854344
0.738859
0.7988645
0.8593568
0.9141935
0.9595182
0.9945795
1.020875
1.040853
1.057009
1.071448
1.085753
1.100999
1.117815
1.136448
1.15681
1.178497
1.200826
1.222924
1.243879
1.262908
1.279487
1.293404
1.304721
1.313683
1.320615
1.325832
1.329588
1.332056
1.333332
1.33345
1.332402
1.330156
1.326677
1.321937
1.315934
1.308705
1.300336
1.290978
1.28087
1.270363
1.259967
1.250408
1.24269
1.238118
1.238187
1.244201
1.256467
1.272993
1.28844
1.295587
1.289681
1.270857
1.242298
1.207546
1.169229
1.128898
1.087266
1.044525
1.000621
0.9554733
0.9091147
0.8617773
0.8139006
0.7660812
0.7189817
0.6732346
0.6293695
0.5877781
0.5487106
0.5122927
0.4785524
0.4474479
0.4188928
0.3927764
0.3689788
0.3473818
0.3278756
0.3103636
0.2947649
0.2810151
0.2690671
0.2588899
0.2504663
0.2437885
0.2388507
0.2356348
0.2340876
0.2340847
0.2353781
0.2375347
0.2398934
0.2415986
0.2417792
0.2398835
0.2360311
0.2311098
0.2265042
0.2237396
0.2243307
0.2298117
0.2418033
0.2620296
0.2922346
0.3339307
0.38791
0.4535495
0.5282203
0.6073499
0.6854205
0.7574197
0.8198749
0.8710707
0.910691
0.9393053
0.957942
0.96781
0.9701401
0.9661041
0.9567778
0.9431291
0.9260177
0.9062015
0.8843458
0.8610334
0.8367747
0.8120181
0.7871583
0.762545
0.7384902
0.7152737
0.6931474
0.6723376
0.6530429
0.6354273
0.6196057
0.6056198
0.5934052
0.5827592
0.5733303
0.5646561
0.5562677
0.547832
0.5392662
0.5307754
0.5228353
0.5161651
0.5117142
0.5106595
0.5143982
0.5245118
0.5426646
0.5703936
0.6087595
0.6578539
0.7161458
0.7797748
0.8425597
0.8978346
0.9413249
0.9724627
0.9934384
1.007561
1.018131
1.027936
1.039093
1.053016
1.070423
1.091359
1.115269
1.141131
1.167648
1.193463
1.217341
1.238305
1.255689
1.269142
1.278585
1.284155
1.286149
1.28497
1.281085
1.274981
1.267137
1.257987
1.24789
1.237105
1.225787
1.213998
1.201757
1.189089
1.17608
1.16292
1.149935
1.137623
1.126673
1.117989
1.112684
1.112046
1.117404
1.129841
1.149552
1.174661
1.200018
1.218329
1.224604
1.218923
1.204534
1.184938
1.162522
1.138382
1.112587
1.084542
1.053376
1.018314
0.9790026
0.9356904
0.889203
0.8407381
0.7916002
0.7429866
0.6958737
0.6509898
0.6088398
0.5697498
0.5339126
0.5014264
0.4723235
0.446591
0.4241841
0.405035
0.3890605
0.3761705
0.3662782
0.3593129
0.3552288
0.3540076
0.3556495
0.3601502
0.3674614
0.3774354
0.3897519
0.4038382
0.418794
0.4333493
0.4458932
0.454633
0.4579557
0.455014
0.4463198
0.4338038
0.4200809
0.4075563
0.3980389
0.3927792
0.392637
0.3982652
0.4103037
0.4295667
0.4571573
0.4943722
0.5422119
0.6004357
0.6665927
0.7359829
0.8030024
0.8629418
0.9129671
0.9520493
0.9804046
0.9989353
1.008847
1.011432
1.007952
0.9995924
0.987439
0.9724716
0.955567
0.9375036
0.9189701
0.9005745
0.8828561
0.8662964
0.8513299
0.8383495
0.8277069
0.8197036
0.8145699
0.8124324
0.8132687
0.8168548
0.8227154
0.8300952
0.8379802
0.8452045
0.8506636
0.8535833
0.8537029
0.8512751
0.8469364
0.8415559
0.836122
0.8316713
0.8292616
0.829983
0.8349978
0.8455775
0.8630685
0.8886646
0.9228197
0.9641992
1.008545
1.048917
1.078605
1.094587
1.098083
1.092643
1.082246
1.070368
1.059734
1.052339
1.049518
1.051998
1.059943
1.073006
1.090425
1.111154
1.134027
1.157905
1.181803
1.204954
1.226832
1.247137
1.265753
1.282694
1.298039
1.311876
1.32426
1.335195
1.344655
1.35265
1.359302
1.364877
1.369743
1.374266
1.378711
1.383199
1.387717
1.392167
1.396415
1.40032
1.403701
1.406238
1.407239
1.405254
1.397598
1.380343
1.349893
1.305968
1.252681
1.196096
1.141491
1.092394
1.050689
1.016908
0.9904826
0.9699945
0.9534687
0.9386764
0.9234234
0.9058105
0.8844592
0.8586684
0.8284433
0.7943766
0.7574257
0.7186753
0.6791548
0.6397351
0.6010924
0.5637161
0.5279367
0.4939609
0.4619051
0.4318237
0.4037293
0.377605
0.353408
0.331069
0.3104915
0.291556
0.2741297
0.2580781
0.2432759
0.229613
0.2169963
0.2053481
0.1946055
0.1847218
0.1756771
0.1675038
0.1603391
0.1545202
0.1507314
0.1501838
0.1547552
0.1669412
0.1893867
0.2238886
0.2703386
0.3265124
0.3889756
0.4543425
0.5200876
0.5847626
0.6478433
0.7093967
0.7696476
0.8285067
0.8852105
0.938273
0.9858251
1.026149
1.058096
1.081215
1.095661
1.101997
1.101015
1.093603
1.08066
1.06305
1.04158
1.016984
0.9899298
0.9610095
0.9307457
0.8995912
0.8679315
0.8360899
0.8043344
0.7728845
0.7419197
0.7115859
0.6820017
0.6532637
0.6254525
0.5986413
0.5729105
0.5483746
0.5252286
0.5038228
0.4847611
0.4690048
0.4579235
0.4532045
0.4565629
0.4693386
0.4921933
0.5250504
0.5672293
0.6176198
0.6747463
0.7366167
0.8002977
0.861345
0.9137136
0.9511737
0.9700661
0.9709958
0.9578419
0.935554
0.9086421
0.8806936
0.8544464
0.832017
0.8151067
0.8051262
0.803225
0.810222
0.8264523
0.8515808
0.884471
0.9232088
0.9653269
1.008174
1.049297
1.08672
1.119063
1.145523
1.165777
1.179865
1.188068
1.190816
1.188628
1.182059
1.17169
1.158125
1.142015
1.124108
1.105305
1.086717
1.069679
1.055701
1.046339
1.043046
1.047018
1.059029
1.079168
1.10629
1.137064
1.165339
1.184002
1.189803
1.18582
1.178571
1.174101
1.176021
1.185179
1.200244
1.218823
1.238546
1.257718
1.275475
1.2916
1.30618
1.319165
1.329854
1.336401
1.335675
1.323986
1.29873
1.259843
1.209789
1.152314
1.091143
1.02932
0.9690783
0.9119742
0.8590713
0.8111083
0.768627
0.7320605
0.7017881
0.6781536
0.6614429
0.6518092
0.6491416
0.6529005
0.6619752
0.6746369
0.6886181
0.7012872
0.7098812
0.7118421
0.7053631
0.6901143
0.6677224
0.64139
0.6146839
0.5903345
0.5696281
0.5523391
0.5370937
0.5220928
0.5058931
0.4878411
0.4680244
0.4469533
0.4252469
0.4034489
0.3819674
0.3610932
0.3410612
0.3221367
0.3047134
0.2894177
0.2772339
0.2696843
0.2690888
0.2788042
0.3030485
0.3456051
0.4072385
0.4837105
0.5670447
0.6491906
0.7246558
0.7908708
0.8473847
0.8949735
0.9350208
0.969148
0.9989931
1.026054
1.051557
1.076345
1.100808
1.124885
1.148153
1.169941
1.189427
1.205673
1.217716
1.224832
1.226839
1.22417
1.217684
1.208334
1.196881
1.183728
1.168934
1.152347
1.133773
1.113098
1.09033
1.065591
1.039085
1.011065
0.9818107
0.9516199
0.920824
0.8898162
0.8591004
0.8293635
0.8015817
0.7771681
0.7581249
0.7470605
0.7468345
0.7597375
0.7865643
0.8260563
0.8746928
0.9268104
0.9756212
1.015199
1.042117
1.055608
1.056624
1.0468
1.027828
1.001238
0.9684211
0.9307222
0.8894998
0.8461085
0.8018413
0.757879
0.7152683
0.6749143
0.6375667
0.6038067
0.5740465
0.5485485
0.527465
0.5108994
0.4989813
0.4919365
0.4901313
0.4940806
0.504416
0.5218091
0.5468453
0.5798466
0.6206662
0.6685075
0.7218486
0.7785411
0.8360927
0.8920585
0.9444201
0.9918554
1.033869
1.070798
1.103681
1.13391
1.162557
1.189306
1.211287
1.223078
1.219706
1.200763
1.170655
1.135504
1.10083
1.070986
1.049338
1.038422
1.039756
1.053321
1.077066
1.107053
1.138495
1.167115
1.190019
1.205825
1.214331
1.216085
1.212042
1.203326
1.191096
1.176479
1.160541
1.144292
1.128707
1.114753
1.103412
1.095691
1.092608
1.095127
1.104038
1.119702
1.141618
1.167747
1.193854
1.213697
1.22097
1.212119
1.187493
1.150097
1.103628
1.051274
0.9954165
0.9378891
0.8804244
0.8250064
0.7739443
0.7296993
0.6946425
0.6707508
0.6590921
0.6591845
0.6686594
0.6835565
0.6990804
0.7104589
0.7138682
0.7074172
0.6916022
0.6686888
0.6415263
0.612678
0.58412
0.5572797
0.5331765
0.512551
0.4959521
0.4837789
0.4762838
0.4735443
0.4754115
0.4814507
0.4908885
0.502588
0.5150638
0.5265512
0.5351465
0.5390482
0.5369252
0.528359
0.5141528
0.4962551
0.4773021
0.4601507
0.4477383
0.4432514
0.4502973
0.4726242
0.5128817
0.570478
0.6401706
0.7135951
0.7829817
0.8437438
0.8946235
0.9366128
0.9718446
1.002755
1.03146
1.059329
1.086818
1.113595
1.138842
1.161555
1.180695
1.195298
1.204651
1.208458
1.206871
1.20041
1.189842
1.176077
1.160092
1.142878
1.125406
1.108593
1.093264
1.080119
1.069674
1.06222
1.057769
1.056026
1.056379
1.057925
1.059551
1.060074
1.058442
1.053945
1.046369
1.036043
1.023815
1.011032
0.9995579
0.9917828
0.9904989
0.9984144
1.017178
1.04608
1.081072
1.115309
1.141859
1.156546
1.15844
1.1485
1.128222
1.099056
1.062424
1.019883
0.9731765
0.9241062
0.8743755
0.8254827
0.7786818
0.7349855
0.6951954
0.6599459
0.629748
0.6050158
0.5860669
0.5730947
0.5661156
0.5649055
0.5689512
0.5774391
0.5892999
0.6033064
0.6182055
0.6328618
0.6463907
0.658266
0.6683879
0.6770965
0.68512
0.6934578
0.7032135
0.7154021
0.7307488
0.7494911
0.7711998
0.7946504
0.8177694
0.8376595
0.850775
0.8535724
0.8439832
0.8229289
0.7940811
0.7619986
0.7306749
0.7032697
0.6824588
0.6708464
0.6711443
0.6858428
0.7161689
0.7606843
0.81477
0.8719716
0.9263194
0.9738512
1.012777
1.042909
1.065007
1.080315
1.090274
1.096366
1.100018
1.102534
1.105041
1.108435
1.113347
1.120119
1.128819
1.139273
1.151138
1.16398
1.177365
1.190935
1.20446
1.217866
1.231234
1.24475
1.258626
1.272976
1.287665
1.302194
1.315727
1.327379
1.336748
1.344382
1.351582
1.359352
1.367375
1.374192
1.378284
1.378907
1.376295
1.371505
1.366206
1.362426
1.362106
1.366186
1.373183
1.378189
1.374345
1.356896
1.325756
1.284276
1.236722
1.186766
1.13707
1.089345
1.044537
1.002993
0.9646107
0.9289603
0.895412
0.8632599
0.8318391
0.8006199
0.769264
0.7376367
0.7057785
0.6738505
0.6420719
0.610665
0.5798163
0.5496578
0.5202682
0.4916917
0.4639693
0.4371719
0.4114209
0.386882
0.3637238
0.3420526
0.3218578
0.3030192
0.2853963
0.268927
0.2536517
0.2396684
0.2270742
0.2159195
0.2061714
0.1976794
0.1901596
0.1832359
0.1765805
0.1701201
0.1641777
0.1594594
0.1569774
0.1580435
0.1643289
0.1778756
0.2009118
0.2353712
0.2822053
0.3408301
0.4090921
0.4837952
0.5614424
0.6388074
0.7132051
0.782538
0.8452523
0.9002836
0.9470115
0.9852126
1.014996
1.036727
1.050943
1.058278
1.059405
1.054994
1.045689
1.0321
1.014808
0.994371
0.9713306
0.9462062
0.919479
0.8915729
0.862845
0.8335978
0.8041021
0.7746172
0.7453966
0.716685
0.6887068
0.6616487
0.6356395
0.6107323
0.5869048
0.5640932
0.5422597
0.521466
0.5019299
0.4840666
0.4685319
0.4562704
0.4485471
0.4469145
0.4530712
0.468606
0.4947015
0.5318988
0.5799577
0.6376995
0.7026166
0.7702503
0.8340423
0.8868238
0.9236569
0.9436195
0.9491386
0.9441462
0.9326485
0.9180982
0.9032836
0.8904222
0.8812897
0.8773121
0.8795938
0.888877
0.9054433
0.9290005
0.958615
0.9927557
1.029468
1.066637
1.102262
1.134669
1.162635
1.185404
1.202643
1.214359
1.220795
1.222346
1.21948
1.212683
1.202434
1.189195
1.173427
1.155621
1.136326
1.116194
1.096026
1.076816
1.059775
1.046314
1.037975
1.036301
1.042653
1.057919
1.081929
1.112359
1.14368
1.168656
1.183137
1.18857
1.189466
1.190162
1.193398
1.200202
1.210314
1.222757
1.236319
1.249844
1.262287
1.272576
1.27936
1.280776
1.274446
1.257954
1.229776
1.190097
1.140861
1.085051
1.025779
0.9657081
0.9068599
0.8506625
0.7980814
0.7497578
0.7061239
0.6674901
0.6341098
0.6062245
0.5840892
0.5679779
0.5581606
0.5548445
0.5580724
0.5675832
0.5826599
0.6020167
0.6237719
0.6455188
0.6644686
0.6776749
0.6824734
0.6773146
0.6627489
0.6415538
0.6174124
0.5933089
0.5708594
0.5504385
0.531598
0.5135399
0.4955192
0.4770779
0.4580933
0.4387037
0.4192031
0.3999647
0.381418
0.3640785
0.3486256
0.3360311
0.3277474
0.3259625
0.3338472
0.3554777
0.3947608
0.4529553
0.526302
0.6067522
0.6857105
0.7571376
0.8181469
0.8681522
0.9078688
0.9386337
0.9620301
0.9797031
0.9932731
1.004291
1.014204
1.024304
1.035665
1.04905
1.064821
1.082871
1.102621
1.123095
1.143057
1.161162
1.176097
1.186793
1.192684
1.1938
1.190623
1.183825
1.174044
1.161761
1.147272
1.130734
1.112237
1.091865
1.069737
1.046027
1.020969
0.9948648
0.9680978
0.9411685
0.9147534
0.8898006
0.8676676
0.8502716
0.8401357
0.8400951
0.8524978
0.878144
0.915457
0.9601383
1.005747
1.045709
1.075719
1.094619
1.103542
1.104578
1.099819
1.090898
1.078855
1.064149
1.046762
1.026345
1.002426
0.974628
0.9428882
0.9075774
0.8694933
0.8297354
0.7895386
0.7501258
0.7125963
0.6778595
0.646618
0.6193941
0.5965801
0.5784973
0.5654533
0.5577904
0.5559132
0.5602882
0.571407
0.5897073
0.6154501
0.648565
0.6884989
0.7341245
0.7837729
0.8354182
0.8869821
0.9366635
0.9831746
1.025752
1.063803
1.096111
1.119889
1.13079
1.125288
1.103863
1.070993
1.032321
0.9925228
0.9548329
0.9213082
0.8932128
0.8713326
0.8562171
0.848363
0.8483297
0.8567437
0.8741258
0.9004938
0.9348387
0.9747965
1.016901
1.057428
1.093323
1.122718
1.144922
1.160132
1.169099
1.172862
1.172588
1.169476
1.164718
1.159483
1.15492
1.152157
1.15228
1.156286
1.164977
1.178751
1.19725
1.218843
1.240121
1.255972
1.26088
1.251094
1.226011
1.187807
1.140178
1.087405
1.034006
0.98464
0.9439074
0.9159057
0.9034768
0.90728
0.9253522
0.9537723
0.988089
1.02454
1.060537
1.094563
1.125799
1.153672
1.177358
1.195253
1.204627
1.202056
1.185029
1.153712
1.111042
1.061217
1.008187
0.9549947
0.9037454
0.8558045
0.8119971
0.7727536
0.7381943
0.708168
0.6822631
0.6598095
0.6398912
0.6213928
0.603098
0.583857
0.5628152
0.5396545
0.5147468
0.489128
0.4643088
0.4420832
0.4245082
0.4140839
0.4139676
0.4277909
0.4584339
0.5057945
0.565563
0.6309853
0.695858
0.7557504
0.8073168
0.8474108
0.8732585
0.8834898
0.8788055
0.8615883
0.8349476
0.801941
0.7652324
0.7270928
0.6895834
0.6548098
0.6251867
0.6036694
0.5938398
0.5995163
0.6234414
0.6652887
0.7206641
0.7825941
0.8443556
0.9013136
0.9511304
0.9931395
1.027631
1.055326
1.077044
1.093509
1.105254
1.112582
1.115598
1.114286
1.108634
1.098769
1.085053
1.068139
1.048988
1.0289
1.009585
0.9932432
0.9825156
0.9800976
0.9879668
1.006596
1.034551
1.068488
1.103664
1.13541
1.161245
1.181859
1.199944
1.218079
1.237258
1.256623
1.274169
1.287785
1.296028
1.298409
1.295371
1.288161
1.278735
1.269666
1.263922
1.264247
1.272016
1.285801
1.300557
1.308947
1.304928
1.286552
1.25562
1.215627
1.170142
1.122126
1.073847
1.02701
0.982944
0.9427485
0.9074114
0.8778668
0.8549996
0.8395877
0.8321744
0.8328731
0.8411391
0.8555868
0.8739471
0.8932007
0.9098167
0.9200452
0.9204603
0.908991
0.8859673
0.854041
0.8167827
0.7771824
0.7370215
0.6970494
0.6575036
0.6185882
0.5806937
0.544365
0.5101731
0.4786169
0.4500826
0.4248284
0.4029536
0.3843272
0.3684844
0.3545726
0.3414872
0.3282676
0.3145621
0.3008128
0.288057
0.2776401
0.2711133
0.270312
0.2774476
0.295017
0.325331
0.3696184
0.4270835
0.4946634
0.5678693
0.6421831
0.714121
0.7815739
0.8435972
0.8999623
0.9506801
0.9956224
1.034366
1.06639
1.091622
1.111072
1.127097
1.142903
1.161252
1.182981
1.206558
1.229106
1.247872
1.260992
1.267531
1.267241
1.260342
1.247373
1.229082
1.206336
1.180049
1.151137
1.120474
1.088859
1.056963
1.025274
0.9940429
0.9632939
0.9329122
0.902797
0.8729983
0.8437888
0.8156893
0.7894892
0.7662842
0.7475155
0.734957
0.7305752
0.7362141
0.7531683
0.7817918
0.8212091
0.8690022
0.9208144
0.9703124
1.010302
1.035003
1.042039
1.032697
1.010611
0.9800659
0.9447678
0.9072282
0.8686285
0.8290936
0.7883391
0.746387
0.7038648
0.661796
0.6212492
0.5831398
0.5482001
0.5170346
0.4901953
0.4682537
0.4518574
0.441765
0.4388441
0.4440117
0.4580999
0.4816561
0.5147277
0.556719
0.6063813
0.6619214
0.7211663
0.7817525
0.8413514
0.8979194
0.9499191
0.9964564
1.03732
1.07294
1.10428
1.132645
1.159362
1.185254
1.209835
1.230351
1.24159
1.238284
1.219446
1.189713
1.156423
1.126569
1.105519
1.096541
1.100435
1.115539
1.138436
1.165051
1.191489
1.214495
1.23172
1.241861
1.244583
1.240271
1.229753
1.214088
1.19444
1.172015
1.148043
1.123779
1.100518
1.079606
1.062428
1.05037
1.044736
1.046618
1.056721
